[1, 221, 8, 11, 57, 4, 222, 221, 43, 222, 2]
[1, 9, 44, 109, 11, 366, 4, 2]
[1, 62, 152, 17, 152, 5, 4, 2]
[1, 24, 1806, 1337, 4952, 7, 4, 2]
[1, 79, 34, 459, 4, 2]
[1, 126, 138, 6, 38, 31, 109, 11, 450, 4, 2]
[1, 14, 263, 21, 223, 4, 2]
[1, 12, 296, 621, 7, 4, 2]
[1, 9, 27, 38, 267, 4, 2]
[1, 8, 6, 431, 227, 10, 2]
[1, 5, 73, 60, 19, 317, 4, 2]
[1, 5, 19, 447, 4, 2]
[1, 5, 42, 27, 110, 196, 11, 171, 2309, 4, 2]
[1, 5, 93, 64, 136, 119, 338, 4, 2]
[1, 414, 58, 3, 7, 4, 2]
[1, 8, 11, 57, 233, 12, 15, 10, 2]
[1, 74, 143, 11, 549, 554, 10, 2]
[1, 703, 13, 3, 6, 17, 158, 5, 101, 1534, 101, 19, 1827, 4, 2]
[1, 44, 11, 4328, 4, 2]
[1, 947, 438, 268, 227, 10, 2]
[1, 5, 174, 539, 4, 2]
[1, 24, 555, 4, 2]
[1, 5, 3, 2247, 4, 2]
[1, 8, 285, 11, 288, 10, 2]
[1, 55, 635, 1679, 10, 2]
[1, 5, 18, 73, 5, 6, 753, 87, 266, 4, 2]
[1, 5, 493, 55, 7, 27, 3, 4, 2]
[1, 18, 17, 5, 64, 21, 4, 2]
[1, 8, 49, 372, 26, 76, 180, 15, 10, 2]
[1, 3, 1311, 4793, 4, 2]
[1, 5, 389, 6, 56, 17, 5, 389, 7, 4, 2]
[1, 24, 1806, 1468, 4, 2]
[1, 25, 3, 6, 4, 2]
[1, 12, 30, 3, 4, 2]
[1, 5, 18, 30, 45, 3, 4, 2]
[1, 77, 404, 144, 4, 2]
[1, 5, 30, 3, 4, 2]
[1, 5, 436, 13, 53, 1946, 4, 2]
[1, 9, 6, 895, 34, 70, 19, 911, 4, 2]
[1, 5, 81, 122, 302, 23, 4, 2]
[1, 3, 4, 2]
[1, 14, 3, 58, 1589, 3, 7, 4, 2]
[1, 5, 154, 59, 5, 6, 838, 381, 4, 2]
[1, 61, 34, 84, 17, 5, 95, 3, 4, 2]
[1, 9, 726, 19, 621, 4, 2]
[1, 57, 6, 1077, 4, 2]
[1, 5, 22, 31, 18, 53, 906, 6, 4, 2]
[1, 77, 11, 145, 1234, 1185, 4, 2]
[1, 5, 91, 344, 661, 4, 2]
[1, 8, 18, 701, 8, 140, 38, 4, 2]
[1, 14, 1764, 3, 114, 7, 4762, 4763, 4, 2]
[1, 8, 3, 7, 155, 96, 10, 2]
[1, 5, 307, 12, 81, 129, 4, 2]
[1, 60, 13, 3, 6, 202, 4, 2]
[1, 5, 307, 54, 143, 39, 1225, 54, 4, 2]
[1, 9, 3, 31, 11, 1866, 4, 2]
[1, 472, 3582, 7, 4, 2]
[1, 462, 61, 122, 174, 27, 38, 4, 2]
[1, 57, 617, 17, 21, 15, 10, 2]
[1, 5, 1160, 265, 7, 683, 2750, 6, 48, 4, 2]
[1, 5, 18, 28, 4, 2]
[1, 9, 58, 146, 813, 55, 1332, 3, 2167, 4, 2]
[1, 3, 58, 1320, 3, 7, 4, 2]
[1, 9, 18, 166, 9, 6, 3062, 341, 649, 4, 2]
[1, 14, 442, 1212, 128, 21, 279, 4, 2]
[1, 47, 7, 17, 8, 6, 606, 13, 22, 37, 2]
[1, 112, 20, 102, 134, 4, 2]
[1, 8, 33, 225, 438, 268, 15, 10, 2]
[1, 8, 210, 248, 156, 7, 15, 10, 2]
[1, 16, 3, 940, 4, 2]
[1, 12, 612, 159, 7, 4, 2]
[1, 5, 95, 337, 138, 6, 76, 4, 2]
[1, 9, 19, 2868, 4, 2]
[1, 26, 202, 45, 568, 4, 2]
[1, 1459, 20, 5126, 42, 3, 4, 2]
[1, 432, 7, 3, 4, 2]
[1, 9, 559, 148, 4, 2]
[1, 24, 52, 36, 4, 2]
[1, 5, 750, 138, 6, 38, 31, 39, 118, 215, 115, 3616, 10, 2]
[1, 8, 3720, 86, 2]
[1, 16, 828, 102, 718, 25, 102, 3476, 4, 2]
[1, 14, 88, 21, 609, 7, 4, 2]
[1, 183, 21, 951, 5, 6, 765, 4, 2]
[1, 8, 39, 2095, 10, 2]
[1, 5, 25, 1030, 9, 6, 524, 4, 2]
[1, 522, 194, 62, 3, 9, 55, 7, 22, 4, 2]
[1, 157, 13, 3, 4, 2]
[1, 9, 3, 7, 9, 6, 146, 4, 2]
[1, 98, 196, 30, 1164, 4, 2]
[1, 5, 11, 156, 6, 965, 672, 7, 9, 4, 2]
[1, 14, 994, 7, 5, 138, 6, 994, 4, 2]
[1, 3, 13, 11, 1026, 4787, 1107, 103, 4, 2]
[1, 14, 18, 50, 454, 151, 4, 2]
[1, 721, 8, 4, 2]
[1, 14, 129, 5, 1570, 7, 5, 6, 1182, 4, 2]
[1, 14, 6, 56, 17, 14, 5058, 40, 14, 1225, 7, 14, 6, 148, 4, 2]
[1, 5, 95, 1161, 12, 45, 275, 7, 3, 4, 2]
[1, 9, 11, 1799, 6, 3, 252, 135, 19, 640, 4, 2]
[1, 14, 145, 437, 156, 4, 2]
[1, 9, 29, 7, 5, 108, 5, 72, 6, 189, 4, 2]
[1, 5, 906, 33, 21, 841, 4, 2]
[1, 5, 368, 20, 27, 3, 4, 2]
[1, 65, 25, 88, 3600, 4, 2]
[1, 5, 321, 24, 3, 4, 2]
[1, 116, 8, 20, 97, 77, 29, 5, 141, 1099, 4, 2]
[1, 5, 33, 40, 8, 432, 6, 3, 4, 2]
[1, 5, 33, 40, 8, 11, 57, 834, 55, 4, 2]
[1, 244, 58, 3, 1363, 7, 4, 2]
[1, 9, 945, 4043, 4, 2]
[1, 5, 66, 64, 2425, 97, 4, 2]
[1, 121, 15, 10, 2]
[1, 14, 2135, 377, 31, 11, 905, 4, 2]
[1, 8, 50, 1500, 9, 2296, 4, 2]
[1, 20, 274, 963, 219, 4, 2]
[1, 5, 72, 28, 4, 2]
[1, 25, 22, 99, 800, 4, 2]
[1, 2148, 456, 155, 96, 10, 2]
[1, 14, 3, 39, 452, 4, 2]
[1, 16, 44, 2567, 11, 57, 259, 7, 4, 2]
[1, 5, 19, 179, 280, 9, 4, 2]
[1, 9, 29, 5, 3, 7, 9, 6, 1460, 4, 2]
[1, 2492, 13, 558, 6, 4, 2]
[1, 5, 18, 28, 12, 1092, 213, 18, 28, 4, 2]
[1, 9, 13, 53, 960, 6, 3, 4, 2]
[1, 5, 28, 9, 109, 11, 89, 4, 2]
[1, 5, 52, 19, 109, 11, 1963, 4267, 6, 161, 4, 2]
[1, 462, 208, 400, 16, 4, 2]
[1, 9, 109, 11, 133, 69, 4, 2]
[1, 9, 154, 59, 14, 482, 11, 1396, 1064, 4, 2]
[1, 554, 123, 11, 3443, 4, 2]
[1, 2329, 5, 245, 7, 4, 2]
[1, 3, 11, 27, 191, 6, 357, 4, 2]
[1, 43, 29, 5, 3, 4, 2]
[1, 365, 6, 3, 11, 89, 10, 2]
[1, 471, 38, 348, 101, 39, 3, 4, 2]
[1, 16, 164, 4, 2]
[1, 40, 5, 40, 8, 62, 197, 539, 4, 2]
[1, 9, 130, 7, 9, 6, 1766, 4, 2]
[1, 8, 6, 92, 187, 624, 4, 2]
[1, 12, 72, 28, 83, 6, 146, 4, 2]
[1, 12, 72, 28, 242, 9, 6, 3, 4, 2]
[1, 5, 442, 992, 21, 125, 4, 2]
[1, 5, 614, 4, 2]
[1, 8, 13, 27, 797, 4, 2]
[1, 8, 364, 84, 4, 2]
[1, 5, 30, 8, 6, 700, 4, 2]
[1, 1972, 5, 71, 7, 71, 1509, 17, 158, 64, 233, 459, 4, 2]
[1, 91, 50, 577, 5, 4, 2]
[1, 9, 532, 109, 11, 9, 6, 108, 1351, 4, 2]
[1, 9, 29, 7, 5, 27, 3, 6, 4064, 4, 2]
[1, 51, 21, 918, 7, 4, 2]
[1, 5, 19, 401, 4, 2]
[1, 5, 237, 6, 2523, 19, 36, 4, 2]
[1, 1160, 103, 234, 7, 17, 3999, 711, 4, 2]
[1, 5, 18, 30, 3, 261, 4, 2]
[1, 5, 30, 2651, 634, 1960, 4, 2]
[1, 12, 346, 374, 2435, 4, 2]
[1, 5, 35, 5, 6, 332, 3, 7, 4, 2]
[1, 142, 2920, 4, 2]
[1, 9, 40, 5, 21, 185, 8, 4, 2]
[1, 850, 62, 238, 4, 2]
[1, 8, 42, 12, 171, 48, 7, 15, 10, 2]
[1, 236, 403, 7, 9, 6, 1821, 4, 2]
[1, 26, 357, 6, 1059, 143, 247, 7, 4, 2]
[1, 5, 3679, 7, 4, 2]
[1, 9, 93, 11, 57, 4, 2]
[1, 382, 751, 4, 2]
[1, 12, 418, 18, 206, 14, 4, 2]
[1, 134, 58, 1312, 3158, 7, 4, 2]
[1, 24, 13, 74, 6, 10, 2]
[1, 323, 3, 4, 2]
[1, 5, 559, 9, 280, 5, 4, 2]
[1, 16, 363, 7, 102, 3, 4, 2]
[1, 91, 231, 648, 10, 2]
[1, 12, 66, 11, 286, 4, 2]
[1, 5, 107, 512, 970, 4, 2]
[1, 14, 29, 16, 23, 7, 268, 4, 2]
[1, 8, 18, 752, 8, 6, 117, 15, 10, 2]
[1, 5, 18, 28, 3, 124, 17, 1332, 5, 19, 3023, 4, 2]
[1, 12, 33, 11, 728, 4, 2]
[1, 3, 41, 80, 1204, 103, 4, 2]
[1, 12, 18, 30, 26, 599, 4, 2]
[1, 12, 11, 48, 75, 48, 7, 4, 2]
[1, 35, 8, 6, 200, 167, 434, 7, 4, 2]
[1, 14, 13, 47, 6, 15, 10, 2]
[1, 24, 111, 94, 11, 479, 3, 4, 2]
[1, 1061, 4, 2]
[1, 12, 129, 51, 90, 7, 51, 90, 22, 4, 2]
[1, 8, 34, 6, 13, 121, 4, 2]
[1, 3, 99, 432, 149, 192, 4, 2]
[1, 1041, 17, 123, 6, 3, 4, 2]
[1, 427, 947, 1736, 1208, 4, 2]
[1, 5, 536, 26, 407, 19, 546, 4, 2]
[1, 8, 28, 105, 301, 22, 36, 10, 2]
[1, 63, 52, 53, 3051, 4, 2]
[1, 12, 1168, 337, 4, 2]
[1, 12, 25, 40, 9, 480, 481, 4, 2]
[1, 12, 58, 51, 670, 3, 7, 4, 2]
[1, 12, 1867, 3, 7, 9, 6, 556, 4, 2]
[1, 74, 143, 11, 636, 472, 6, 3, 10, 2]
[1, 34, 84, 19, 494, 15, 10, 2]
[1, 173, 5, 313, 6, 56, 17, 5, 11, 19, 313, 164, 4, 2]
[1, 14, 445, 16, 6, 189, 4, 2]
[1, 5, 18, 28, 8, 100, 11, 57, 4, 2]
[1, 43, 248, 602, 124, 4, 2]
[1, 12, 154, 40, 5, 203, 4, 2]
[1, 11, 792, 6, 3, 13, 1174, 1804, 6, 4, 2]
[1, 3, 93, 2957, 4, 2]
[1, 134, 47, 148, 26, 202, 6, 249, 196, 252, 3, 4, 2]
[1, 157, 262, 19, 1610, 17, 52, 15, 10, 2]
[1, 8, 11, 71, 22, 10, 2]
[1, 16, 779, 143, 1223, 343, 84, 973, 4, 2]
[1, 5, 11, 45, 97, 3, 7, 4, 2]
[1, 5, 6, 3, 1311, 7, 3, 4, 2]
[1, 14, 3, 7, 27, 257, 4, 2]
[1, 11, 223, 1115, 4, 2]
[1, 26, 98, 196, 13, 47, 6, 4, 2]
[1, 122, 18, 114, 44, 260, 7, 4, 2]
[1, 5, 997, 7, 4, 2]
[1, 12, 91, 39, 11, 371, 4, 2]
[1, 9, 66, 11, 315, 4, 2]
[1, 8, 11, 798, 46, 15, 10, 2]
[1, 8, 137, 67, 12, 4, 2]
[1, 8, 50, 11, 5, 6, 200, 46, 404, 15, 10, 2]
[1, 5, 1579, 1730, 6, 4, 2]
[1, 8, 20, 643, 598, 37, 2]
[1, 8, 28, 13, 3, 20, 22, 2030, 10, 2]
[1, 12, 49, 23, 22, 10, 2]
[1, 5, 289, 260, 7, 4, 2]
[1, 12, 13, 51, 6, 890, 4, 2]
[1, 8, 35, 157, 272, 4551, 7, 15, 10, 2]
[1, 12, 346, 52, 51, 4, 2]
[1, 5, 113, 5, 1440, 149, 115, 6, 96, 4, 2]
[1, 5, 723, 330, 3, 4, 2]
[1, 5, 107, 47, 5, 19, 340, 4, 2]
[1, 11, 133, 4, 2]
[1, 57, 13, 593, 6, 4, 2]
[1, 263, 3, 19, 282, 4, 2]
[1, 24, 13, 3, 42, 3, 4, 2]
[1, 8, 28, 105, 23, 5, 6, 13, 5, 163, 30, 6, 10, 2]
[1, 9, 6, 3, 7, 9, 6, 3, 4, 2]
[1, 5, 368, 81, 23, 7, 27, 870, 6, 368, 4, 2]
[1, 5, 67, 32, 79, 21, 3, 4, 2]
[1, 5, 30, 11, 283, 2038, 4, 2]
[1, 5, 18, 2054, 4, 2]
[1, 65, 176, 231, 3, 4, 2]
[1, 16, 378, 376, 172, 4, 2]
[1, 100, 8, 18, 360, 10, 2]
[1, 14, 176, 41, 652, 625, 4, 2]
[1, 8, 121, 19, 494, 4, 2]
[1, 32, 1735, 132, 31, 18, 28, 32, 100, 4, 2]
[1, 14, 925, 203, 3, 4, 2]
[1, 5, 30, 5, 6, 1022, 6, 1022, 3, 58, 3509, 7, 4, 2]
[1, 8, 20, 355, 15, 10, 2]
[1, 5, 20, 240, 305, 4, 2]
[1, 9, 281, 44, 39, 3, 6, 110, 7, 7, 7, 7, 7, 7, 7, 7, 7, 7, 4, 2]
[1, 106, 6, 150, 17, 354, 4, 2]
[1, 14, 42, 148, 949, 259, 48, 4, 2]
[1, 14, 87, 649, 17, 52, 391, 10, 2]
[1, 16, 95, 1491, 4, 2]
[1, 462, 3, 151, 3, 22, 574, 6, 15, 10, 2]
[1, 14, 109, 11, 27, 3, 6, 161, 69, 4, 2]
[1, 24, 13, 21, 3, 15, 10, 2]
[1, 14, 29, 7, 9, 1545, 29, 7, 9, 4, 2]
[1, 16, 41, 171, 21, 133, 4, 2]
[1, 8, 50, 495, 113, 3, 4, 2]
[1, 5, 93, 76, 4, 2]
[1, 8, 30, 1667, 15, 10, 2]
[1, 12, 58, 24, 3318, 3559, 3, 7, 4, 2]
[1, 14, 33, 3, 20, 3, 448, 4, 2]
[1, 5, 11, 731, 46, 672, 7, 53, 731, 4, 2]
[1, 25, 1511, 29, 5, 4, 2]
[1, 9, 198, 29, 5, 203, 18, 318, 7, 4, 2]
[1, 12, 206, 51, 286, 4, 2]
[1, 672, 1118, 130, 3223, 4, 2]
[1, 5, 65, 28, 5, 61, 23, 22, 4, 2]
[1, 5, 309, 26, 1143, 4, 2]
[1, 16, 11, 131, 12, 4, 2]
[1, 12, 390, 11, 133, 4, 2]
[1, 157, 3, 19, 256, 4, 2]
[1, 8, 20, 206, 78, 302, 6, 272, 15, 10, 2]
[1, 8, 105, 2394, 26, 1218, 6, 2380, 10, 2]
[1, 9, 28, 304, 585, 331, 4, 2]
[1, 5, 127, 164, 4, 2]
[1, 1125, 9, 3, 4, 2]
[1, 14, 33, 247, 284, 4, 2]
[1, 1353, 78, 9, 4, 2]
[1, 60, 204, 3068, 4, 2]
[1, 88, 5, 851, 18, 334, 4, 2]
[1, 12, 34, 6, 18, 317, 4, 2]
[1, 5, 81, 40, 8, 118, 5, 6, 798, 4, 2]
[1, 12, 11, 2201, 4, 2]
[1, 5, 33, 8, 11, 24, 324, 23, 6, 68, 4, 2]
[1, 12, 6, 99, 9, 313, 70, 115, 4, 2]
[1, 14, 6, 818, 13, 53, 2011, 6, 3, 4, 2]
[1, 32, 544, 16, 4, 2]
[1, 14, 241, 53, 3, 4, 2]
[1, 16, 11, 329, 69, 423, 4, 2]
[1, 8, 204, 29, 7, 5, 2263, 4461, 4, 2]
[1, 9, 6, 1112, 3, 7, 4, 2]
[1, 14, 2135, 377, 31, 11, 286, 4, 2]
[1, 8, 13, 53, 19, 1520, 6, 1192, 4, 2]
[1, 5, 50, 71, 119, 4, 2]
[1, 116, 52, 121, 17, 181, 34, 10, 2]
[1, 24, 13, 208, 6, 231, 4, 2]
[1, 5, 88, 61, 48, 4, 2]
[1, 8, 11, 136, 84, 15, 10, 2]
[1, 16, 105, 3836, 6, 10, 2]
[1, 116, 91, 231, 36, 17, 181, 16, 44, 21, 1032, 4, 2]
[1, 8, 33, 45, 22, 10, 2]
[1, 1625, 205, 17, 1233, 7, 4, 2]
[1, 5, 561, 7, 9, 55, 284, 4, 2]
[1, 11, 371, 4, 2]
[1, 60, 13, 51, 109, 11, 406, 6, 237, 4, 2]
[1, 54, 13, 27, 3, 6, 4, 2]
[1, 5, 1706, 5, 81, 23, 464, 68, 4, 2]
[1, 361, 1042, 4, 2]
[1, 80, 982, 209, 75, 389, 7, 4, 2]
[1, 8, 66, 109, 11, 89, 10, 2]
[1, 12, 1100, 5, 4, 2]
[1, 5, 13, 53, 36, 1483, 4, 2]
[1, 827, 58, 1443, 3480, 3, 4, 2]
[1, 66, 25, 38, 4, 2]
[1, 16, 30, 11, 769, 164, 4, 2]
[1, 5, 75, 20, 1014, 6, 92, 25, 280, 8, 7, 4, 2]
[1, 12, 441, 5086, 4, 2]
[1, 9, 11, 9, 6, 110, 139, 153, 1528, 9, 6, 110, 4, 2]
[1, 5, 206, 9, 281, 44, 62, 7, 4, 2]
[1, 43, 45, 460, 4, 2]
[1, 40, 16, 11, 4103, 814, 4, 2]
[1, 43, 2577, 4, 2]
[1, 5, 925, 1549, 8, 904, 4, 2]
[1, 721, 474, 20, 181, 115, 6, 98, 4, 2]
[1, 16, 50, 20, 3, 6, 97, 4, 2]
[1, 5, 135, 8, 243, 24, 942, 17, 8, 650, 18, 784, 8, 4, 2]
[1, 134, 131, 7, 3, 4, 2]
[1, 9, 52, 19, 411, 323, 68, 4, 2]
[1, 8, 73, 8, 49, 36, 15, 10, 2]
[1, 1089, 5, 33, 6, 260, 7, 4, 2]
[1, 5, 61, 136, 4, 2]
[1, 51, 120, 178, 117, 4, 2]
[1, 724, 13, 724, 6, 1448, 4, 2]
[1, 14, 20, 1090, 236, 6, 421, 4, 2]
[1, 1342, 8, 1481, 10, 1343, 1342, 5, 2344, 4, 1343, 2]
[1, 5, 75, 207, 12, 7, 19, 871, 4, 2]
[1, 12, 28, 9, 95, 23, 22, 4, 2]
[1, 5, 164, 50, 996, 19, 278, 4, 2]
[1, 2267, 13, 3, 4, 2]
[1, 8, 909, 5, 6, 68, 4, 2]
[1, 8, 6, 555, 13, 22, 10, 2]
[1, 14, 208, 11, 14, 6, 254, 6, 56, 17, 14, 2722, 7, 4, 2]
[1, 8, 94, 782, 4, 2]
[1, 5, 1098, 7, 12, 4, 2]
[1, 51, 99, 8, 192, 4, 2]
[1, 26, 357, 69, 80, 26, 357, 7, 4, 2]
[1, 8, 71, 7, 388, 15, 10, 2]
[1, 2469, 18, 1467, 4, 2]
[1, 8, 41, 45, 197, 572, 186, 4, 2]
[1, 24, 13, 6, 472, 961, 10, 2]
[1, 5, 73, 12, 39, 19, 314, 4, 2]
[1, 5, 442, 992, 21, 125, 4, 2]
[1, 5, 1165, 153, 152, 4, 2]
[1, 14, 175, 7, 16, 41, 59, 9, 755, 4, 2]
[1, 377, 780, 14, 370, 16, 4, 2]
[1, 550, 324, 43, 8, 62, 324, 291, 29, 3, 4, 2]
[1, 5, 210, 7, 3, 4, 2]
[1, 5, 208, 1700, 78, 8, 11, 24, 71, 133, 44, 25, 233, 4, 2]
[1, 327, 27, 13, 126, 6, 10, 2]
[1, 8, 20, 1008, 15, 10, 2]
[1, 8, 18, 193, 30, 8, 17, 1958, 15, 10, 2]
[1, 474, 8, 167, 300, 4, 2]
[1, 18, 82, 86, 2]
[1, 8, 50, 59, 5, 62, 188, 128, 4, 2]
[1, 5, 64, 1500, 78, 48, 4, 2]
[1, 5, 19, 179, 133, 4, 2]
[1, 16, 1334, 128, 1238, 7, 26, 510, 4, 2]
[1, 12, 624, 45, 6, 22, 56, 10, 2]
[1, 12, 49, 13, 132, 6, 10, 2]
[1, 5, 1096, 8, 13, 47, 6, 4, 2]
[1, 116, 9, 13, 7, 3, 17, 1944, 44, 39, 1154, 4, 2]
[1, 722, 1498, 50, 13, 355, 6, 4, 2]
[1, 14, 1076, 29, 7, 27, 1559, 6, 638, 244, 4, 2]
[1, 5, 704, 3940, 7, 86, 2]
[1, 116, 16, 20, 868, 6, 2351, 3, 17, 16, 44, 20, 99, 868, 6, 149, 115, 4, 2]
[1, 214, 125, 20, 214, 981, 4, 2]
[1, 63, 50, 310, 151, 108, 97, 4, 2]
[1, 14, 52, 236, 4, 2]
[1, 5, 511, 235, 78, 12, 4, 2]
[1, 32, 31, 13, 425, 6, 249, 4, 2]
[1, 43, 3164, 8, 6, 700, 4, 2]
[1, 24, 13, 147, 111, 6, 4, 2]
[1, 5, 686, 1400, 112, 28, 70, 23, 7, 22, 10, 2]
[1, 8, 66, 11, 89, 180, 10, 2]
[1, 14, 85, 14, 6, 107, 252, 2022, 4, 2]
[1, 54, 13, 27, 282, 6, 3, 4, 2]
[1, 77, 35, 8, 1371, 4, 2]
[1, 5, 3, 126, 4, 2]
[1, 9, 13, 53, 19, 36, 6, 3, 4, 2]
[1, 14, 20, 3, 6, 150, 4, 2]
[1, 384, 331, 2770, 17, 2265, 301, 22, 2795, 15, 10, 2]
[1, 12, 42, 51, 31, 18, 45, 4, 2]
[1, 1813, 4, 2]
[1, 5, 30, 134, 634, 134, 4, 2]
[1, 12, 511, 341, 23, 78, 847, 4, 2]
[1, 976, 773, 16, 2578, 4, 2]
[1, 65, 1222, 69, 6, 352, 99, 88, 1724, 115, 4, 2]
[1, 65, 5, 19, 11, 4, 2]
[1, 263, 29, 5, 291, 15, 10, 2]
[1, 34, 84, 13, 914, 6, 4, 2]
[1, 219, 29, 16, 364, 7, 27, 266, 6, 338, 4, 2]
[1, 5, 19, 36, 4, 2]
[1, 24, 47, 1011, 2149, 101, 18, 256, 4, 2]
[1, 5, 28, 12, 621, 7, 4, 2]
[1, 9, 320, 5, 31, 39, 3, 4, 2]
[1, 8, 6, 224, 99, 5, 6, 36, 4, 2]
[1, 5, 1100, 8, 226, 4, 2]
[1, 40, 16, 1026, 25, 753, 4, 2]
[1, 8, 11, 125, 360, 15, 10, 2]
[1, 9, 297, 11, 9, 83, 2797, 267, 4, 2]
[1, 9, 75, 131, 7, 19, 871, 4, 2]
[1, 1601, 108, 3136, 4, 2]
[1, 5, 19, 988, 6, 13, 20, 1035, 6, 4, 2]
[1, 12, 34, 7, 22, 10, 2]
[1, 142, 12, 6, 146, 4, 2]
[1, 9, 99, 5, 313, 4, 2]
[1, 9, 6, 338, 13, 121, 4, 2]
[1, 12, 67, 51, 14, 13, 47, 6, 4, 2]
[1, 8, 29, 7, 12, 22, 15, 10, 2]
[1, 5, 33, 239, 63, 6, 107, 4, 2]
[1, 8, 437, 1257, 15, 10, 2]
[1, 142, 121, 4, 2]
[1, 1007, 45, 473, 4, 2]
[1, 16, 11, 172, 46, 6, 510, 4, 2]
[1, 5, 106, 1272, 1530, 4, 2]
[1, 12, 3, 26, 4, 2]
[1, 5, 18, 28, 9, 1101, 89, 4, 2]
[1, 35, 303, 3721, 4, 2]
[1, 4964, 4965, 11, 89, 10, 2]
[1, 5, 67, 78, 8, 7, 15, 10, 2]
[1, 5, 88, 1718, 584, 683, 1908, 7, 4, 2]
[1, 40, 16, 565, 103, 4, 2]
[1, 327, 27, 93, 3850, 37, 2]
[1, 5, 95, 320, 5, 302, 6, 261, 4, 2]
[1, 3, 38, 31, 13, 74, 4, 2]
[1, 9, 11, 3, 1712, 7, 3, 4, 2]
[1, 5, 6, 3, 154, 1467, 7, 4, 2]
[1, 9, 23, 9, 6, 68, 4, 2]
[1, 43, 11, 91, 3, 77, 4, 2]
[1, 8, 20, 3, 1988, 15, 10, 2]
[1, 40, 5, 114, 4, 2]
[1, 54, 50, 13, 355, 6, 4, 2]
[1, 5, 107, 67, 7, 5, 21, 89, 4, 2]
[1, 38, 153, 260, 7, 27, 202, 4, 2]
[1, 5, 13, 53, 3811, 4, 2]
[1, 370, 36, 83, 4, 2]
[1, 8, 195, 332, 4368, 4, 2]
[1, 420, 98, 13, 3, 6, 4, 2]
[1, 32, 240, 4532, 15, 10, 2]
[1, 8, 79, 29, 5, 1851, 15, 10, 2]
[1, 16, 28, 392, 4, 2]
[1, 237, 85, 5, 23, 7, 487, 1529, 4, 2]
[1, 5, 166, 2207, 188, 570, 4, 2]
[1, 12, 1423, 31, 18, 969, 4, 2]
[1, 12, 34, 9, 19, 179, 9, 704, 1654, 7, 51, 6, 68, 4, 2]
[1, 9, 40, 5, 19, 399, 4, 2]
[1, 16, 11, 89, 814, 10, 2]
[1, 5, 18, 28, 9, 109, 11, 89, 4, 2]
[1, 63, 169, 2793, 144, 236, 4, 2]
[1, 26, 681, 3, 7, 26, 98, 4, 2]
[1, 24, 13, 431, 6, 92, 4, 2]
[1, 78, 705, 17, 5, 672, 7, 759, 3, 4, 2]
[1, 8, 6, 38, 52, 19, 36, 4, 2]
[1, 5, 75, 412, 7, 5, 6, 325, 4, 2]
[1, 102, 38, 31, 58, 2520, 84, 4, 2]
[1, 100, 20, 215, 4460, 10, 2]
[1, 22, 56, 669, 10, 2]
[1, 5, 19, 179, 20, 8, 6, 1739, 4, 2]
[1, 267, 44, 166, 332, 7, 4, 2]
[1, 8, 255, 211, 288, 10, 2]
[1, 8, 87, 174, 8, 6, 290, 4, 2]
[1, 5, 18, 28, 66, 61, 4, 2]
[1, 1140, 187, 787, 4, 2]
[1, 16, 35, 9, 6, 1153, 519, 16, 6, 4, 2]
[1, 12, 242, 57, 242, 20, 24, 4, 2]
[1, 8, 45, 7, 22, 10, 2]
[1, 84, 13, 2203, 352, 4, 2]
[1, 9, 6, 3, 7, 4018, 4, 2]
[1, 9, 6, 182, 34, 70, 19, 911, 4, 2]
[1, 43, 35, 54, 328, 27, 4, 2]
[1, 8, 34, 98, 13, 3, 6, 4, 2]
[1, 5, 65, 25, 235, 78, 4, 2]
[1, 79, 3, 3, 4, 2]
[1, 5, 11, 57, 1894, 4, 2]
[1, 43, 29, 5, 438, 529, 4, 2]
[1, 5, 1243, 36, 128, 45, 7, 4, 2]
[1, 16, 254, 3, 9, 6, 1437, 4, 2]
[1, 9, 1007, 3391, 351, 4, 2]
[1, 14, 18, 179, 4, 2]
[1, 14, 78, 7, 133, 169, 6, 4, 2]
[1, 5, 18, 82, 8, 23, 575, 68, 4, 2]
[1, 16, 6, 161, 17, 239, 8, 6, 3, 4, 2]
[1, 32, 228, 23, 7, 27, 3, 4, 2]
[1, 12, 18, 11, 1085, 4, 2]
[1, 9, 30, 390, 264, 4, 2]
[1, 9, 319, 174, 4, 2]
[1, 1322, 3, 4, 2]
[1, 26, 202, 11, 1236, 926, 4, 2]
[1, 27, 3, 6, 524, 13, 27, 3, 4, 2]
[1, 8, 169, 519, 57, 17, 12, 4, 2]
[1, 5, 1318, 128, 55, 351, 104, 4, 2]
[1, 14, 233, 14, 107, 131, 7, 14, 4, 2]
[1, 202, 297, 289, 260, 4, 2]
[1, 16, 11, 57, 86, 2]
[1, 2906, 7, 4, 2]
[1, 35, 8, 6, 933, 1046, 11, 7, 4, 2]
[1, 14, 11, 3, 6, 3, 205, 817, 229, 7, 4, 2]
[1, 5, 131, 144, 5, 6, 1871, 4, 2]
[1, 65, 283, 234, 4, 2]
[1, 8, 50, 59, 5, 62, 4, 2]
[1, 14, 3383, 20, 3, 4, 2]
[1, 91, 13, 5, 6, 586, 4, 2]
[1, 9, 6, 161, 11, 47, 1236, 4, 2]
[1, 14, 29, 7, 16, 487, 424, 4, 2]
[1, 5, 33, 59, 16, 171, 23, 4, 2]
[1, 27, 4389, 7, 5, 27, 4389, 4, 2]
[1, 100, 16, 18, 216, 4, 2]
[1, 1309, 1495, 7, 3, 4, 2]
[1, 32, 34, 182, 1413, 4, 2]
[1, 13, 6, 17, 983, 4, 2]
[1, 8, 1273, 17, 95, 1375, 4, 2]
[1, 533, 396, 52, 19, 2986, 4, 2]
[1, 116, 5, 28, 1057, 168, 77, 29, 26, 56, 4, 2]
[1, 9, 374, 258, 128, 360, 4, 2]
[1, 745, 869, 238, 4, 2]
[1, 32, 85, 32, 6, 350, 252, 1285, 4, 2]
[1, 14, 482, 11, 613, 885, 7, 1258, 4, 2]
[1, 5, 42, 8, 188, 250, 4, 2]
[1, 14, 811, 59, 5, 1396, 562, 4, 2]
[1, 16, 474, 28, 26, 1218, 6, 194, 4, 2]
[1, 54, 13, 5, 6, 4, 2]
[1, 8, 11, 133, 23, 22, 180, 10, 2]
[1, 75, 1014, 2171, 92, 7, 4, 2]
[1, 79, 1910, 38, 4, 2]
[1, 8, 33, 122, 2739, 2436, 15, 10, 2]
[1, 5, 113, 8, 39, 122, 62, 238, 4, 2]
[1, 9, 6, 269, 3, 7, 4, 2]
[1, 5, 18, 307, 12, 13, 245, 6, 4, 2]
[1, 43, 40, 5, 62, 372, 4, 2]
[1, 3, 668, 234, 7, 4, 2]
[1, 12, 13, 51, 6, 1901, 4, 2]
[1, 1244, 11, 8, 6, 3, 1244, 4, 2]
[1, 5, 925, 59, 16, 904, 4, 2]
[1, 9, 164, 50, 996, 19, 278, 4, 2]
[1, 5, 20, 27, 3, 4, 2]
[1, 8, 120, 23, 26, 15, 10, 2]
[1, 214, 38, 31, 11, 3, 27, 38, 6, 48, 4, 2]
[1, 32, 3, 5, 4, 2]
[1, 14, 175, 7, 27, 19, 36, 6, 76, 4, 2]
[1, 5, 11, 402, 46, 1088, 482, 7, 4, 2]
[1, 5, 6, 290, 93, 64, 515, 4, 2]
[1, 5, 532, 152, 8, 7, 4, 2]
[1, 5, 1735, 33, 31, 127, 123, 22, 4, 2]
[1, 14, 49, 229, 84, 17, 398, 14, 19, 1707, 128, 48, 4, 2]
[1, 729, 4623, 4, 2]
[1, 12, 47, 703, 808, 4, 2]
[1, 5, 23, 7, 5, 6, 68, 4, 2]
[1, 29, 5, 3, 4, 2]
[1, 43, 63, 29, 5, 239, 63, 6, 1213, 15, 10, 2]
[1, 11, 5, 6, 27, 110, 577, 5, 6, 2]
[1, 116, 9, 28, 14, 6, 1049, 17, 9, 44, 39, 291, 29, 14, 4, 2]
[1, 12, 20, 393, 1232, 4, 2]
[1, 77, 21, 23, 4, 2]
[1, 3, 13, 5, 6, 861, 4, 2]
[1, 939, 99, 352, 149, 3, 4, 2]
[1, 16, 94, 259, 16, 1048, 259, 16, 6, 381, 4, 2]
[1, 24, 3, 2842, 3, 1976, 4, 2]
[1, 9, 6, 3, 13, 3, 6, 4, 2]
[1, 1016, 45, 3537, 7, 4, 2]
[1, 12, 1749, 4, 2]
[1, 14, 3, 9, 4, 2]
[1, 9, 18, 30, 58, 2252, 172, 4, 2]
[1, 9, 66, 216, 7, 4, 2]
[1, 9, 11, 3, 3, 4, 2]
[1, 5, 33, 40, 12, 400, 4, 2]
[1, 5, 103, 18, 30, 14, 4, 2]
[1, 27, 1333, 6, 2514, 1969, 7, 26, 161, 4, 2]
[1, 603, 656, 18, 773, 656, 4, 2]
[1, 378, 145, 7, 102, 646, 4, 2]
[1, 9, 20, 82, 1375, 4, 2]
[1, 16, 265, 32, 13, 27, 149, 115, 6, 6, 6, 150, 17, 408, 4, 2]
[1, 5, 83, 2797, 267, 101, 83, 23, 4, 2]
[1, 8, 49, 29, 5, 239, 24, 375, 15, 10, 2]
[1, 8, 75, 45, 7, 460, 4, 2]
[1, 11, 1057, 139, 19, 313, 4, 2]
[1, 51, 34, 14, 42, 14, 6, 381, 4, 2]
[1, 16, 6, 226, 29, 16, 90, 7, 53, 2591, 4, 2]
[1, 630, 5, 20, 485, 146, 4, 2]
[1, 8, 28, 6, 56, 17, 8, 348, 81, 45, 4, 2]
[1, 8, 73, 5, 193, 3, 7, 15, 10, 2]
[1, 8, 536, 78, 12, 13, 51, 7, 15, 10, 2]
[1, 8, 152, 20, 3, 15, 10, 2]
[1, 377, 780, 14, 650, 4606, 4, 2]
[1, 242, 582, 48, 6, 774, 17, 5, 154, 41, 130, 1192, 4, 2]
[1, 8, 30, 1193, 15, 10, 2]
[1, 5203, 13, 3666, 3, 1169, 4, 2]
[1, 14, 66, 120, 45, 590, 4, 2]
[1, 9, 29, 5, 71, 9, 3646, 395, 4, 2]
[1, 9, 11, 473, 324, 45, 473, 4, 2]
[1, 8, 319, 3, 7, 4, 2]
[1, 5, 33, 57, 24, 375, 4, 2]
[1, 14, 287, 93, 241, 3, 4, 2]
[1, 5, 118, 26, 4, 2]
[1, 2031, 5076, 205, 17, 3, 13, 27, 3134, 6, 4, 2]
[1, 1876, 13, 8, 6, 1507, 10, 2]
[1, 5, 67, 569, 67, 7, 5, 100, 4, 2]
[1, 5, 18, 30, 262, 4, 2]
[1, 65, 176, 5, 45, 7, 3, 17, 448, 101, 45, 7, 4, 2]
[1, 16, 166, 336, 188, 4, 2]
[1, 26, 76, 75, 58, 372, 7, 4, 2]
[1, 8, 87, 1142, 4, 2]
[1, 8, 61, 404, 9, 6, 910, 4, 2]
[1, 16, 25, 35, 54, 891, 4, 2]
[1, 5, 33, 40, 8, 29, 5, 6, 502, 4, 2]
[1, 5, 36, 3169, 64, 45, 97, 7, 4, 2]
[1, 479, 69, 20, 84, 15, 10, 2]
[1, 5, 18, 152, 8, 20, 76, 4, 2]
[1, 32, 13, 53, 3, 6, 3, 4, 2]
[1, 878, 26, 4, 2]
[1, 91, 13, 53, 110, 6, 110, 4, 2]
[1, 14, 66, 312, 17, 25, 557, 59, 63, 159, 4, 2]
[1, 5, 429, 403, 7, 5, 6, 798, 4, 2]
[1, 5, 107, 723, 7, 4, 2]
[1, 77, 34, 6, 4, 2]
[1, 24, 513, 170, 4, 2]
[1, 5, 253, 3, 7, 4, 2]
[1, 24, 13, 208, 6, 647, 4, 2]
[1, 80, 57, 3041, 7, 4, 2]
[1, 5, 73, 9, 6, 509, 13, 3, 4, 2]
[1, 236, 3, 7, 342, 3, 4, 2]
[1, 24, 13, 8, 6, 146, 15, 10, 2]
[1, 5, 843, 18, 30, 6, 4, 2]
[1, 12, 562, 845, 192, 50, 21, 289, 4, 2]
[1, 295, 63, 6, 3076, 4, 2]
[1, 3, 13, 3172, 6, 3, 4, 2]
[1, 12, 297, 992, 21, 3, 4, 2]
[1, 26, 2792, 13, 22, 349, 37, 2]
[1, 5, 384, 548, 1977, 160, 31, 499, 4, 2]
[1, 400, 3, 42, 8, 6, 150, 4, 2]
[1, 43, 129, 5, 4, 2]
[1, 9, 20, 1090, 1559, 6, 638, 4, 2]
[1, 25, 557, 62, 4, 2]
[1, 60, 13, 19, 1135, 6, 38, 4, 2]
[1, 653, 17, 5, 653, 2014, 7, 9, 4, 2]
[1, 8, 1714, 142, 22, 385, 10, 2]
[1, 35, 9, 3675, 46, 4, 2]
[1, 65, 13, 517, 6, 4, 2]
[1, 2020, 123, 7, 22, 68, 17, 5, 31, 13, 4, 2]
[1, 16, 11, 1967, 409, 4, 2]
[1, 43, 2175, 4, 2]
[1, 77, 29, 8, 96, 4, 2]
[1, 8, 30, 130, 2210, 15, 10, 2]
[1, 199, 38, 31, 28, 9, 93, 960, 4, 2]
[1, 140, 6, 214, 5148, 11, 140, 58, 2252, 2791, 4, 2]
[1, 8, 143, 4798, 53, 19, 36, 6, 3, 4, 2]
[1, 5, 72, 308, 138, 6, 4, 2]
[1, 5, 22, 31, 1962, 4, 2]
[1, 9, 306, 70, 59, 8, 188, 278, 4, 2]
[1, 5, 203, 545, 435, 6, 200, 4, 2]
[1, 25, 99, 2646, 2055, 6, 92, 31, 11, 3, 4, 2]
[1, 5, 2048, 4, 2]
[1, 5, 33, 40, 8, 2182, 179, 4, 2]
[1, 462, 11, 16, 4, 2]
[1, 8, 94, 11, 506, 409, 165, 4, 2]
[1, 16, 58, 146, 813, 7, 4, 2]
[1, 14, 34, 7, 14, 835, 7, 4, 2]
[1, 526, 18, 461, 853, 4, 2]
[1, 133, 20, 102, 3, 4, 2]
[1, 14, 287, 11, 404, 409, 525, 4, 2]
[1, 5, 41, 402, 7, 4, 2]
[1, 8, 1062, 15, 10, 2]
[1, 8, 20, 5, 6, 125, 15, 10, 2]
[1, 14, 19, 377, 156, 4, 2]
[1, 5, 18, 752, 5, 6, 117, 4, 2]
[1, 9, 3, 13, 9, 6, 98, 196, 4, 2]
[1, 24, 19, 20, 4, 2]
[1, 221, 5, 34, 70, 36, 599, 4, 222, 221, 5, 124, 4, 222, 2]
[1, 12, 166, 151, 188, 4, 2]
[1, 1965, 3, 3, 4, 2]
[1, 8, 100, 11, 24, 48, 10, 2]
[1, 14, 1347, 4, 2]
[1, 80, 57, 55, 133, 811, 1288, 2734, 981, 4, 2]
[1, 24, 3, 3, 4, 2]
[1, 547, 12, 6, 3, 13, 27, 1995, 6, 6, 292, 4, 2]
[1, 630, 5, 50, 90, 181, 90, 4, 2]
[1, 13, 56, 2208, 6, 92, 4, 2]
[1, 9, 80, 832, 723, 7, 4, 2]
[1, 9, 147, 206, 5, 44, 3348, 7, 4, 2]
[1, 51, 90, 7, 3, 397, 4, 2]
[1, 84, 47, 5, 270, 193, 491, 7, 4, 2]
[1, 5, 80, 458, 243, 54, 4, 2]
[1, 12, 25, 40, 51, 337, 26, 76, 4, 2]
[1, 8, 137, 105, 7, 10, 2]
[1, 8, 746, 4866, 535, 15, 10, 2]
[1, 16, 1016, 72, 27, 224, 4, 2]
[1, 8, 90, 7, 155, 848, 2713, 37, 2]
[1, 2019, 13, 53, 1713, 6, 359, 4, 2]
[1, 8, 100, 18, 35, 8, 6, 456, 891, 7, 10, 2]
[1, 77, 174, 8, 4, 2]
[1, 590, 92, 19, 399, 4, 2]
[1, 14, 1160, 7, 4, 2]
[1, 16, 206, 9, 1116, 7, 770, 4, 2]
[1, 9, 33, 21, 223, 4, 2]
[1, 14, 82, 39, 260, 4, 2]
[1, 12, 40, 51, 3269, 146, 4, 2]
[1, 60, 13, 5, 742, 280, 12, 1243, 340, 4, 2]
[1, 9, 254, 196, 650, 19, 36, 4, 2]
[1, 5, 242, 507, 3, 17, 398, 242, 5, 19, 3, 4, 2]
[1, 25, 3, 6, 4, 2]
[1, 9, 42, 16, 1055, 7, 3, 209, 4, 2]
[1, 5, 95, 114, 131, 4, 2]
[1, 12, 376, 383, 21, 2570, 4, 2]
[1, 3, 13, 245, 6, 4, 2]
[1, 9, 175, 5, 426, 30, 571, 4, 2]
[1, 71, 86, 2]
[1, 5, 504, 9, 13, 5, 6, 336, 4, 2]
[1, 1876, 13, 8, 6, 456, 10, 2]
[1, 12, 612, 286, 7, 4, 2]
[1, 462, 13, 326, 169, 6, 3, 4, 2]
[1, 5, 18, 193, 30, 8, 17, 158, 5, 203, 20, 181, 23, 4, 2]
[1, 3, 6, 1114, 1217, 547, 3, 4, 2]
[1, 5, 696, 7, 8, 6, 1094, 4, 2]
[1, 5, 93, 64, 23, 275, 381, 4, 2]
[1, 77, 19, 1895, 8, 4, 2]
[1, 9, 6, 125, 52, 16, 6, 1612, 4, 2]
[1, 9, 6, 1057, 1711, 19, 36, 4, 2]
[1, 5, 13, 476, 238, 6, 38, 4, 2]
[1, 186, 122, 958, 83, 4, 2]
[1, 690, 13, 3, 7, 4, 2]
[1, 16, 61, 11, 57, 3, 4, 2]
[1, 16, 526, 58, 146, 813, 7, 4, 2]
[1, 126, 58, 2068, 7, 4, 2]
[1, 480, 481, 2]
[1, 8, 18, 50, 1836, 4, 2]
[1, 8, 88, 100, 211, 11, 371, 10, 2]
[1, 9, 2204, 145, 7, 9, 6, 1213, 4, 2]
[1, 5, 11, 133, 6, 56, 17, 501, 4, 2]
[1, 12, 28, 347, 4, 2]
[1, 5, 19, 536, 78, 284, 4, 2]
[1, 11, 26, 357, 17, 203, 20, 82, 1239, 7, 4, 2]
[1, 16, 213, 19, 1066, 4, 2]
[1, 5, 210, 25, 21, 125, 4, 2]
[1, 43, 1048, 29, 9, 6, 3, 4, 2]
[1, 62, 215, 17, 44, 49, 578, 62, 4, 2]
[1, 24, 117, 13, 522, 12, 1649, 6, 4, 2]
[1, 5, 28, 8, 6, 349, 4, 2]
[1, 5, 274, 128, 2985, 4, 2]
[1, 5, 113, 162, 26, 3552, 1623, 744, 79, 165, 4, 2]
[1, 8, 279, 6, 56, 17, 27, 421, 577, 78, 16, 4, 2]
[1, 5, 6, 2466, 11, 89, 10, 2]
[1, 5, 33, 2143, 4, 2]
[1, 8, 2461, 3, 15, 10, 2]
[1, 8, 136, 14, 182, 34, 70, 486, 15, 10, 2]
[1, 9, 3766, 128, 4, 2]
[1, 26, 3, 26, 973, 42, 104, 4, 2]
[1, 12, 66, 986, 7, 4, 2]
[1, 14, 85, 83, 6, 3, 3181, 19, 3, 4, 2]
[1, 9, 1005, 34, 7, 4, 2]
[1, 5, 50, 59, 5, 107, 130, 7, 19, 209, 4, 2]
[1, 210, 145, 1611, 4, 2]
[1, 5, 174, 14, 4, 2]
[1, 5, 307, 32, 39, 243, 16, 4, 2]
[1, 5, 18, 73, 8, 61, 59, 38, 3, 4, 2]
[1, 569, 61, 4, 2]
[1, 12, 11, 51, 6, 2584, 46, 2036, 7, 144, 4, 2]
[1, 24, 13, 5, 6, 4, 2]
[1, 8, 124, 31, 4292, 4, 2]
[1, 5, 107, 11, 627, 1395, 48, 4, 2]
[1, 237, 19, 282, 4, 2]
[1, 14, 154, 85, 83, 6, 684, 4, 2]
[1, 116, 8, 2891, 17, 8, 39, 816, 9, 4, 2]
[1, 25, 2816, 13, 121, 17, 213, 18, 188, 6, 4, 2]
[1, 1067, 6, 13, 27, 19, 986, 6, 4, 2]
[1, 369, 1236, 3, 7, 22, 37, 2]
[1, 5, 6, 1289, 3, 7, 4, 2]
[1, 11, 687, 139, 5, 474, 11, 943, 6, 3, 4, 2]
[1, 3, 93, 193, 3, 7, 4, 2]
[1, 14, 497, 34, 84, 4, 2]
[1, 5, 18, 318, 54, 846, 149, 115, 4, 2]
[1, 9, 18, 497, 3, 3, 4, 2]
[1, 5, 29, 14, 90, 7, 27, 555, 4, 2]
[1, 8, 3, 1261, 15, 10, 2]
[1, 5, 6, 560, 434, 7, 4, 2]
[1, 9, 254, 204, 19, 36, 4, 2]
[1, 14, 25, 11, 590, 69, 48, 4, 2]
[1, 5, 299, 18, 30, 430, 4, 2]
[1, 9, 857, 211, 11, 1085, 4, 2]
[1, 60, 13, 74, 10, 2]
[1, 5, 127, 130, 217, 4, 2]
[1, 16, 46, 437, 7, 4, 2]
[1, 8, 100, 18, 136, 12, 10, 2]
[1, 703, 13, 5, 6, 336, 4, 2]
[1, 14, 1200, 1175, 7, 1844, 568, 2802, 4, 2]
[1, 57, 442, 8, 1423, 32, 89, 45, 431, 4, 2]
[1, 8, 118, 7, 5, 6, 468, 4, 2]
[1, 24, 58, 2475, 1887, 177, 3, 7, 4, 2]
[1, 5, 99, 12, 618, 4, 2]
[1, 8, 456, 576, 7, 8, 6, 456, 4, 2]
[1, 100, 6, 1641, 13, 1177, 6, 10, 2]
[1, 14, 29, 7, 5, 141, 3, 4, 2]
[1, 5, 437, 46, 735, 4, 2]
[1, 681, 804, 2324, 1043, 4086, 4, 2]
[1, 8, 82, 61, 149, 258, 178, 4, 2]
[1, 5, 6, 728, 4838, 5, 19, 3, 4, 2]
[1, 5, 30, 136, 292, 4, 2]
[1, 195, 41, 660, 7, 4, 2]
[1, 16, 72, 108, 387, 4, 2]
[1, 5, 73, 12, 255, 36, 7, 4, 2]
[1, 24, 13, 8, 742, 55, 7, 15, 10, 2]
[1, 533, 396, 13, 5, 6, 4, 2]
[1, 9, 130, 379, 19, 36, 4, 2]
[1, 9, 13, 5, 436, 6, 110, 4, 2]
[1, 9, 6, 134, 160, 31, 20, 9, 6, 134, 4, 2]
[1, 8, 23, 7, 102, 4, 2]
[1, 14, 195, 18, 594, 4, 2]
[1, 9, 99, 208, 3, 149, 115, 4, 2]
[1, 63, 39, 248, 17, 52, 15, 10, 2]
[1, 868, 6, 3, 1311, 2470, 155, 96, 10, 2]
[1, 43, 11, 1587, 130, 3223, 4, 2]
[1, 16, 378, 571, 17, 48, 19, 1333, 4, 2]
[1, 9, 515, 29, 26, 409, 6, 19, 300, 4, 2]
[1, 14, 6, 226, 154, 3, 14, 6, 148, 4, 2]
[1, 8, 154, 152, 12, 4, 2]
[1, 16, 547, 3, 4, 2]
[1, 8, 34, 6, 13, 22, 10, 2]
[1, 537, 13, 345, 6, 15, 10, 2]
[1, 5, 18, 28, 14, 426, 669, 4, 2]
[1, 26, 76, 47, 5, 270, 19, 491, 4, 2]
[1, 8, 22, 56, 103, 531, 84, 6, 10, 2]
[1, 12, 20, 87, 2034, 4, 2]
[1, 12, 4529, 952, 4, 2]
[1, 14, 87, 106, 191, 269, 4, 2]
[1, 8, 13, 27, 558, 6, 421, 4, 2]
[1, 79, 122, 82, 289, 260, 7, 4, 2]
[1, 12, 58, 51, 131, 2050, 7, 4, 2]
[1, 8, 20, 108, 3, 6, 2618, 15, 10, 2]
[1, 8, 18, 72, 54, 4, 2]
[1, 3224, 8, 4, 2]
[1, 9, 34, 9, 39, 229, 416, 421, 4, 2]
[1, 8, 365, 760, 8, 6, 3, 7, 15, 10, 2]
[1, 9, 52, 1816, 4, 2]
[1, 347, 1358, 7, 4, 2]
[1, 8, 11, 57, 6, 3, 4, 2]
[1, 8, 93, 434, 7, 22, 10, 2]
[1, 5, 72, 189, 4, 2]
[1, 5, 204, 33, 59, 12, 159, 4, 2]
[1, 8, 6, 48, 7, 15, 10, 2]
[1, 116, 8, 72, 22, 17, 43, 130, 29, 5, 4, 2]
[1, 5, 35, 5, 6, 556, 429, 931, 4, 2]
[1, 257, 3501, 6, 194, 81, 580, 2586, 1519, 4, 2]
[1, 8, 216, 7, 22, 10, 2]
[1, 20, 274, 183, 21, 223, 4, 2]
[1, 8, 624, 45, 6, 762, 10, 2]
[1, 5, 19, 494, 372, 26, 76, 4, 2]
[1, 8, 105, 500, 57, 304, 37, 2]
[1, 8, 121, 152, 60, 13, 22, 10, 2]
[1, 77, 11, 1010, 409, 6, 56, 4317, 4, 2]
[1, 248, 572, 197, 4, 2]
[1, 221, 14, 268, 70, 193, 36, 7, 4, 222, 221, 5, 33, 4, 222, 2]
[1, 9, 6, 226, 441, 14, 6, 3, 4, 2]
[1, 175, 9, 218, 9, 6, 200, 4, 2]
[1, 5, 559, 148, 63, 6, 2289, 4, 2]
[1, 5, 160, 31, 1006, 4, 2]
[1, 5, 18, 497, 4, 2]
[1, 100, 5, 93, 11, 57, 10, 2]
[1, 718, 2811, 950, 7, 4, 2]
[1, 112, 164, 87, 278, 4, 2]
[1, 5, 6, 110, 31, 25, 4, 2]
[1, 5, 113, 294, 31, 36, 4, 2]
[1, 9, 120, 167, 147, 375, 4, 2]
[1, 16, 61, 997, 141, 3, 4, 2]
[1, 210, 5, 402, 70, 19, 36, 4, 2]
[1, 16, 253, 19, 355, 4, 2]
[1, 26, 2091, 13, 74, 10, 2]
[1, 170, 39, 969, 4, 2]
[1, 5, 13, 164, 852, 6, 1951, 4, 2]
[1, 29, 5, 179, 4, 2]
[1, 100, 54, 13, 18, 188, 6, 10, 2]
[1, 9, 138, 6, 38, 31, 42, 9, 6, 509, 4, 2]
[1, 43, 29, 5, 438, 1368, 4, 2]
[1, 5208, 923, 247, 7, 5209, 5210, 4, 2]
[1, 5, 672, 7, 1382, 4, 2]
[1, 9, 463, 28, 4, 2]
[1, 5, 47, 157, 338, 808, 4, 2]
[1, 43, 361, 693, 4, 2]
[1, 5, 20, 27, 350, 4, 2]
[1, 8, 6, 219, 13, 74, 10, 2]
[1, 16, 113, 20, 3, 4, 2]
[1, 5, 11, 21, 351, 1977, 6, 172, 4, 2]
[1, 8, 49, 62, 15, 10, 2]
[1, 116, 8, 652, 377, 17, 8, 44, 39, 21, 260, 4, 2]
[1, 9, 562, 845, 192, 50, 248, 4, 2]
[1, 14, 20, 102, 150, 4, 2]
[1, 77, 291, 29, 8, 4, 2]
[1, 14, 75, 412, 7, 1184, 4, 2]
[1, 8, 1197, 13, 74, 85, 8, 6, 2684, 6, 10, 2]
[1, 12, 29, 9, 6, 146, 813, 7, 16, 4, 2]
[1, 550, 4, 2]
[1, 8, 28, 24, 52, 341, 23, 4, 2]
[1, 214, 3, 7, 214, 913, 139, 6, 214, 4, 2]
[1, 8, 61, 552, 169, 4, 2]
[1, 14, 281, 44, 2276, 7, 26, 194, 4, 2]
[1, 11, 1222, 69, 20, 141, 202, 4, 2]
[1, 8, 20, 146, 15, 10, 2]
[1, 16, 29, 7, 342, 555, 4, 2]
[1, 880, 2399, 4, 2]
[1, 5, 11, 322, 46, 1270, 7, 54, 4, 2]
[1, 9, 920, 55, 32, 467, 7, 257, 4, 2]
[1, 5, 277, 1531, 273, 4, 2]
[1, 8, 109, 11, 201, 288, 7, 10, 2]
[1, 5, 204, 45, 275, 7, 490, 4, 2]
[1, 8, 169, 45, 197, 97, 4, 2]
[1, 24, 204, 134, 13, 3, 190, 259, 6, 4, 2]
[1, 8, 49, 129, 12, 4, 2]
[1, 16, 19, 1286, 8, 4, 2]
[1, 66, 103, 7, 4, 2]
[1, 9, 3418, 41, 21, 743, 7, 4, 2]
[1, 145, 27, 13, 74, 10, 2]
[1, 9, 34, 6, 13, 121, 4, 2]
[1, 43, 13, 74, 10, 2]
[1, 12, 25, 92, 4, 2]
[1, 8, 18, 193, 377, 7, 4, 2]
[1, 88, 9, 29, 5, 167, 36, 7, 4, 2]
[1, 9, 263, 62, 492, 4, 2]
[1, 8, 747, 7, 86, 2]
[1, 5, 6, 1121, 13, 585, 331, 4, 2]
[1, 2553, 4347, 19, 808, 4, 2]
[1, 5, 11, 172, 46, 3039, 209, 4, 2]
[1, 16, 592, 828, 1321, 27, 38, 4, 2]
[1, 48, 227, 10, 2]
[1, 232, 8, 100, 1688, 10, 232, 232, 18, 21, 4, 232, 2]
[1, 12, 19, 27, 4, 2]
[1, 752, 8, 6, 117, 4, 2]
[1, 9, 175, 7, 5, 27, 76, 4, 2]
[1, 5, 95, 1371, 12, 4, 2]
[1, 5, 106, 229, 673, 4, 2]
[1, 3161, 76, 4, 1240, 22, 76, 4, 2]
[1, 8, 2954, 7, 5, 6, 699, 4, 2]
[1, 125, 227, 10, 2]
[1, 567, 17, 5, 136, 5030, 8, 34, 198, 4, 2]
[1, 5, 3, 8, 4, 2]
[1, 43, 170, 21, 23, 4, 2]
[1, 1082, 1357, 15, 10, 2]
[1, 60, 13, 53, 4, 2]
[1, 8, 18, 73, 5, 28, 22, 10, 2]
[1, 60, 13, 27, 1116, 1728, 6, 2807, 4, 2]
[1, 941, 31, 13, 561, 6, 4, 2]
[1, 5, 18, 106, 8, 4, 2]
[1, 16, 64, 92, 1406, 4, 2]
[1, 5, 127, 59, 8, 21, 201, 4, 2]
[1, 8, 65, 616, 17, 12, 3, 7, 189, 4, 2]
[1, 32, 1277, 31, 13, 3, 4, 2]
[1, 5, 25, 728, 78, 4, 2]
[1, 9, 1579, 62, 17, 158, 9, 1181, 4, 2]
[1, 5, 17, 8, 33, 42, 112, 834, 7, 4, 2]
[1, 77, 29, 8, 24, 111, 4, 2]
[1, 8, 13, 53, 36, 2157, 4, 2]
[1, 454, 151, 4, 2]
[1, 5, 220, 148, 5, 6, 4476, 45, 473, 4, 2]
[1, 14, 40, 5, 131, 7, 3, 4, 2]
[1, 155, 96, 37, 2]
[1, 98, 11, 301, 6, 98, 196, 130, 7, 4, 2]
[1, 5, 208, 13, 124, 4, 2]
[1, 5, 6, 1460, 75, 951, 7, 1071, 4, 2]
[1, 184, 67, 144, 17, 184, 3, 15, 10, 2]
[1, 5, 18, 28, 8, 648, 4, 2]
[1, 26, 244, 45, 568, 4, 2]
[1, 22, 56, 1915, 44, 719, 104, 4, 2]
[1, 5, 18, 309, 26, 22, 31, 18, 177, 4, 2]
[1, 16, 49, 749, 32, 15, 10, 2]
[1, 8, 20, 1053, 6, 1272, 2451, 15, 10, 2]
[1, 32, 13, 249, 15, 10, 2]
[1, 900, 45, 275, 7, 604, 4, 2]
[1, 272, 101, 13, 53, 36, 272, 4, 2]
[1, 5, 185, 428, 5, 6, 948, 4, 2]
[1, 221, 13, 27, 313, 6, 923, 17, 158, 347, 1197, 13, 27, 19, 36, 6, 4, 222, 2]
[1, 5, 153, 678, 9, 6, 189, 4, 2]
[1, 5, 64, 28, 5, 23, 22, 4, 2]
[1, 5, 93, 64, 45, 78, 433, 4, 2]
[1, 2388, 216, 86, 2]
[1, 718, 999, 234, 7, 4, 2]
[1, 8, 127, 59, 590, 4, 2]
[1, 9, 176, 130, 217, 17, 158, 39, 20, 22, 4, 2]
[1, 223, 38, 13, 223, 38, 4, 2]
[1, 5, 33, 59, 8, 1657, 4, 2]
[1, 12, 28, 9, 95, 67, 51, 294, 4, 2]
[1, 77, 698, 8, 26, 1738, 4, 2]
[1, 24, 187, 3, 4, 2]
[1, 5, 114, 7, 12, 6, 684, 4, 2]
[1, 5, 127, 3, 4, 2]
[1, 3, 11, 89, 44, 49, 177, 4, 2]
[1, 186, 181, 3, 17, 923, 4, 2]
[1, 8, 11, 5, 364, 84, 15, 10, 2]
[1, 742, 2343, 62, 4, 2]
[1, 1732, 13, 27, 87, 282, 6, 350, 4, 2]
[1, 462, 47, 8, 39, 251, 8, 451, 6, 38, 252, 39, 47, 4, 2]
[1, 5, 106, 141, 1272, 1530, 4, 2]
[1, 5, 511, 536, 78, 24, 124, 349, 4, 2]
[1, 8, 20, 155, 96, 10, 2]
[1, 8, 29, 5, 1161, 7, 74, 10, 2]
[1, 12, 11, 2285, 4, 2]
[1, 5, 504, 8, 33, 45, 6, 13, 3, 4, 2]
[1, 24, 13, 5, 1178, 6, 68, 4, 2]
[1, 19, 179, 817, 280, 8, 4, 2]
[1, 9, 160, 176, 506, 335, 4, 2]
[1, 24, 13, 5, 367, 28, 6, 4, 2]
[1, 12, 17, 158, 5, 203, 20, 76, 4, 2]
[1, 471, 38, 19, 3, 4, 2]
[1, 5, 124, 101, 18, 106, 7, 4, 2]
[1, 26, 359, 6, 3, 13, 3, 5216, 6, 4, 2]
[1, 5, 30, 130, 217, 17, 418, 20, 130, 217, 4, 2]
[1, 16, 1102, 55, 7, 3, 4, 2]
[1, 5, 18, 30, 11, 2714, 69, 164, 4, 2]
[1, 26, 1761, 120, 3584, 128, 4917, 139, 4, 2]
[1, 14, 6, 254, 13, 522, 14, 85, 2174, 6, 4, 2]
[1, 26, 3, 13, 648, 6, 1458, 3375, 4, 2]
[1, 1660, 126, 6, 700, 4, 2]
[1, 5, 6, 4188, 1072, 553, 7, 4, 2]
[1, 5, 1062, 4, 2]
[1, 11, 145, 27, 56, 259, 48, 4, 2]
[1, 12, 103, 159, 7, 4, 2]
[1, 8, 23, 7, 22, 19, 23, 4, 2]
[1, 43, 35, 420, 3, 4, 2]
[1, 8, 33, 229, 22, 10, 2]
[1, 32, 18, 28, 32, 20, 82, 4, 2]
[1, 5, 66, 8, 162, 4, 2]
[1, 43, 8, 1560, 238, 36, 15, 10, 2]
[1, 116, 571, 17, 3, 268, 6, 13, 188, 4, 2]
[1, 16, 241, 11, 3, 1690, 6, 117, 4, 2]
[1, 202, 50, 2915, 1316, 4, 2]
[1, 29, 5, 320, 4, 2]
[1, 140, 6, 1752, 1401, 1943, 4, 2]
[1, 32, 6, 223, 38, 81, 11, 5, 6, 200, 7, 4, 2]
[1, 242, 20, 99, 17, 398, 3, 3, 4, 2]
[1, 12, 130, 70, 19, 36, 4, 2]
[1, 54, 82, 13, 1120, 6, 4, 2]
[1, 32, 41, 9, 122, 23, 3, 4, 2]
[1, 26, 117, 20, 2307, 4, 2]
[1, 8, 18, 72, 147, 1676, 4, 2]
[1, 75, 339, 7, 409, 7, 4, 2]
[1, 12, 6, 290, 13, 16, 31, 45, 4, 2]
[1, 77, 784, 8, 6, 2523, 4, 2]
[1, 9, 577, 5, 7, 4, 2]
[1, 16, 259, 7, 54, 4, 2]
[1, 1876, 13, 8, 6, 150, 10, 2]
[1, 5, 11, 531, 4, 2]
[1, 12, 33, 23, 671, 36, 177, 4, 2]
[1, 5, 73, 5, 20, 76, 4, 2]
[1, 5, 702, 2374, 39, 123, 1009, 68, 4, 2]
[1, 12, 30, 9, 4, 2]
[1, 76, 13, 22, 10, 2]
[1, 8, 118, 420, 150, 23, 7, 22, 37, 2]
[1, 199, 38, 31, 11, 958, 7, 4, 2]
[1, 14, 18, 215, 73, 4, 2]
[1, 8, 1416, 61, 917, 83, 6, 311, 4, 2]
[1, 8, 85, 132, 90, 7, 155, 96, 10, 2]
[1, 14, 66, 13, 431, 6, 583, 4, 2]
[1, 12, 81, 2143, 4, 2]
[1, 100, 8, 18, 59, 16, 147, 177, 10, 2]
[1, 5, 73, 16, 265, 7, 22, 4, 2]
[1, 569, 389, 4, 2]
[1, 5, 206, 9, 1116, 7, 770, 4, 2]
[1, 8, 100, 74, 10, 2]
[1, 3, 5, 6, 68, 4, 2]
[1, 369, 955, 8, 1586, 19, 3148, 4, 2]
[1, 5, 72, 27, 110, 4, 2]
[1, 43, 122, 1560, 238, 4, 2]
[1, 8, 105, 33, 10, 2]
[1, 8, 152, 2225, 930, 15, 10, 2]
[1, 16, 1510, 2567, 6, 56, 59, 8, 4, 2]
[1, 9, 1230, 271, 18, 154, 62, 4, 2]
[1, 5, 120, 185, 9, 6, 761, 4, 2]
[1, 42, 3, 171, 21, 1288, 968, 4, 2]
[1, 16, 263, 216, 301, 104, 4, 2]
[1, 77, 796, 515, 29, 8, 4, 2]
[1, 569, 13, 53, 19, 36, 6, 38, 4, 2]
[1, 5, 1682, 7, 322, 4, 2]
[1, 14, 109, 11, 16, 1236, 926, 4, 2]
[1, 5, 107, 30, 264, 4, 2]
[1, 26, 2738, 20, 102, 589, 4, 2]
[1, 5, 444, 59, 14, 130, 217, 4, 2]
[1, 8, 105, 7, 10, 2]
[1, 24, 13, 21, 45, 393, 282, 6, 3, 4, 2]
[1, 5, 452, 7, 4, 2]
[1, 5, 6, 110, 31, 39, 11, 133, 4, 2]
[1, 52, 138, 6, 97, 31, 90, 987, 8, 4, 2]
[1, 77, 67, 8, 392, 4, 2]
[1, 8, 94, 11, 905, 3466, 15, 10, 2]
[1, 5, 107, 20, 2419, 336, 764, 4, 2]
[1, 8, 42, 74, 159, 180, 10, 2]
[1, 59, 5, 62, 24, 98, 4129, 55, 329, 4, 2]
[1, 5, 29, 7, 826, 209, 4, 2]
[1, 12, 39, 452, 6, 194, 722, 1498, 4, 2]
[1, 60, 13, 74, 6, 421, 10, 2]
[1, 8, 28, 8, 6, 200, 13, 22, 10, 2]
[1, 14, 663, 551, 4, 2]
[1, 14, 13, 8, 226, 15, 10, 2]
[1, 9, 52, 5, 478, 4, 2]
[1, 26, 202, 25, 466, 9, 6, 543, 4, 2]
[1, 5, 1331, 4, 2]
[1, 5, 106, 8, 5, 6, 117, 4, 2]
[1, 36, 6, 423, 8, 39, 29, 8, 366, 6, 130, 1047, 4, 2]
[1, 63, 30, 125, 15, 37, 2]
[1, 5, 81, 29, 12, 90, 4, 2]
[1, 14, 29, 9, 451, 24, 4, 2]
[1, 8, 41, 157, 150, 15, 10, 2]
[1, 22, 31, 33, 28, 10, 2]
[1, 4998, 3, 3, 46, 6, 529, 4, 2]
[1, 5, 18, 28, 137, 1400, 4, 2]
[1, 9, 208, 166, 342, 1956, 4, 2]
[1, 276, 143, 11, 238, 3247, 10, 2]
[1, 5, 18, 28, 8, 6, 1968, 4, 2]
[1, 3224, 9, 6, 68, 4, 2]
[1, 5, 11, 1981, 46, 500, 7, 4, 2]
[1, 8, 109, 11, 89, 37, 2]
[1, 1629, 5, 1629, 6, 3, 4, 2]
[1, 16, 94, 2312, 3, 4, 2]
[1, 79, 162, 303, 4, 2]
[1, 66, 17, 8, 33, 71, 5, 10, 2]
[1, 5, 538, 20, 102, 96, 4, 2]
[1, 1327, 20, 27, 3, 4, 2]
[1, 8, 20, 564, 3, 6, 15, 10, 2]
[1, 57, 6, 87, 544, 4, 2]
[1, 5, 64, 296, 4, 2]
[1, 9, 46, 83, 713, 335, 6, 292, 4, 2]
[1, 16, 49, 2182, 2182, 597, 15, 10, 2]
[1, 16, 61, 85, 98, 196, 6, 13, 486, 4, 2]
[1, 633, 596, 257, 4, 2]
[1, 126, 433, 45, 7, 22, 10, 2]
[1, 8, 22, 101, 64, 167, 4, 2]
[1, 12, 186, 71, 5, 4, 2]
[1, 77, 67, 12, 8, 34, 7, 4321, 4, 2]
[1, 16, 94, 404, 55, 264, 6, 3, 4, 2]
[1, 9, 1054, 190, 778, 190, 4, 2]
[1, 5, 309, 8, 17, 158, 5, 545, 18, 309, 7, 4, 2]
[1, 3540, 374, 2435, 4, 2]
[1, 12, 1160, 23, 7, 22, 4, 2]
[1, 26, 56, 2208, 1075, 7, 4, 2]
[1, 26, 117, 69, 25, 38, 4, 2]
[1, 16, 3, 128, 149, 115, 6, 2351, 23, 6, 7, 4, 2]
[1, 14, 857, 2694, 128, 737, 4, 2]
[1, 9, 195, 99, 5, 6, 436, 192, 4, 2]
[1, 12, 127, 475, 54, 4, 2]
[1, 16, 11, 1967, 409, 4, 2]
[1, 12, 99, 8, 115, 4, 2]
[1, 9, 13, 422, 236, 4, 2]
[1, 8, 20, 108, 688, 6, 150, 15, 10, 2]
[1, 8, 18, 72, 23, 732, 4, 2]
[1, 5, 73, 8, 121, 19, 3, 4, 2]
[1, 25, 8, 3, 6, 267, 4, 2]
[1, 60, 13, 53, 415, 6, 3, 4, 2]
[1, 24, 13, 53, 36, 2157, 4, 2]
[1, 5, 28, 17, 41, 152, 323, 68, 19, 494, 4, 2]
[1, 14, 40, 5, 131, 7, 3, 4, 2]
[1, 8, 135, 5, 11, 3, 7, 10, 2]
[1, 384, 51, 25, 1472, 4, 2]
[1, 32, 139, 6, 27, 38, 4, 2]
[1, 14, 241, 53, 98, 4, 2]
[1, 14, 83, 905, 583, 7, 4, 2]
[1, 27, 3, 3513, 725, 3665, 9, 6, 161, 4, 2]
[1, 157, 952, 13, 14, 6, 4, 2]
[1, 8, 474, 11, 131, 8, 4, 2]
[1, 231, 87, 2231, 4, 2]
[1, 60, 13, 27, 3, 4, 2]
[1, 3, 126, 118, 26, 1151, 37, 2]
[1, 12, 13, 51, 6, 36, 110, 4, 2]
[1, 80, 210, 103, 203, 11, 234, 4, 2]
[1, 5, 11, 1802, 6, 1802, 46, 404, 7, 4, 2]
[1, 5, 204, 3, 3, 4, 2]
[1, 782, 17, 2361, 8, 39, 605, 172, 4, 2]
[1, 8, 105, 23, 4, 2]
[1, 16, 71, 7, 523, 46, 6, 430, 388, 4, 2]
[1, 5, 436, 1749, 310, 151, 670, 953, 4, 2]
[1, 137, 11, 2741, 145, 3, 4, 2]
[1, 8, 319, 3, 7, 4, 2]
[1, 232, 8, 7, 268, 15, 37, 232, 232, 503, 948, 4, 232, 2]
[1, 8, 6, 226, 13, 22, 10, 2]
[1, 5, 1096, 12, 13, 5, 212, 7, 604, 4, 2]
[1, 373, 254, 6, 4, 2]
[1, 5, 47, 8, 733, 252, 87, 401, 4, 2]
[1, 5, 285, 21, 133, 4, 2]
[1, 114, 151, 21, 873, 41, 288, 10, 2]
[1, 24, 25, 1372, 4, 2]
[1, 54, 319, 2666, 4, 2]
[1, 26, 1465, 801, 393, 209, 4, 2]
[1, 8, 608, 3, 78, 15, 10, 2]
[1, 20, 1580, 4, 2]
[1, 5, 20, 102, 110, 129, 5, 4, 2]
[1, 3, 13, 3751, 6, 4, 2]
[1, 43, 29, 5, 438, 303, 4, 2]
[1, 9, 33, 229, 416, 1152, 4, 2]
[1, 12, 4637, 11, 1337, 4952, 7, 4, 2]
[1, 8, 94, 3315, 1976, 4, 2]
[1, 5, 130, 7, 6, 638, 3, 4, 2]
[1, 12, 6, 1351, 87, 278, 4, 2]
[1, 210, 13, 3, 4, 2]
[1, 32, 544, 78, 4, 2]
[1, 65, 283, 82, 39, 660, 4, 2]
[1, 16, 11, 3194, 1088, 123, 7, 4, 2]
[1, 9, 6, 18, 82, 62, 4, 2]
[1, 14, 29, 7, 16, 45, 4, 2]
[1, 8, 382, 3, 15, 10, 2]
[1, 630, 5, 93, 90, 7, 4, 2]
[1, 12, 20, 355, 4, 2]
[1, 12, 1078, 70, 23, 108, 68, 4, 2]
[1, 5, 242, 9, 20, 53, 1616, 6, 3, 9, 4, 2]
[1, 12, 25, 59, 51, 159, 4, 2]
[1, 40, 16, 165, 104, 4, 2]
[1, 706, 6, 558, 1975, 4, 2]
[1, 8, 82, 99, 8, 1224, 6, 3, 7, 4, 2]
[1, 9, 143, 255, 36, 124, 4, 2]
[1, 12, 13, 16, 6, 305, 4, 2]
[1, 11, 249, 196, 101, 400, 7, 4, 2]
[1, 9, 81, 62, 4, 2]
[1, 5, 273, 8, 18, 193, 115, 23, 575, 68, 4, 2]
[1, 14, 58, 146, 3158, 7, 4, 2]
[1, 43, 2864, 16, 4, 2]
[1, 88, 283, 8, 23, 22, 37, 2]
[1, 439, 44, 166, 3, 188, 4, 2]
[1, 176, 36, 17, 1052, 4, 2]
[1, 9, 42, 9, 6, 110, 2061, 4, 2]
[1, 5, 72, 419, 5, 6, 798, 4, 2]
[1, 52, 941, 31, 49, 678, 26, 359, 4, 2]
[1, 5, 40, 9, 1225, 7, 5, 6, 3, 4, 2]
[1, 43, 35, 157, 3, 328, 694, 4, 2]
[1, 14, 175, 7, 304, 164, 4, 2]
[1, 5, 512, 667, 4, 2]
[1, 5, 65, 90, 7, 485, 1498, 4, 2]
[1, 5, 127, 21, 125, 4, 2]
[1, 12, 13, 3929, 6, 4, 2]
[1, 5, 50, 11, 89, 1006, 10, 2]
[1, 547, 3, 13, 1768, 6, 3, 4, 2]
[1, 5, 382, 18, 152, 17, 12, 47, 24, 19, 23, 4, 2]
[1, 20, 22, 68, 5, 94, 23, 15, 10, 2]
[1, 5, 88, 11, 60, 117, 69, 1141, 7, 4, 2]
[1, 170, 106, 149, 115, 15, 10, 2]
[1, 294, 31, 39, 36, 4, 2]
[1, 361, 48, 86, 2]
[1, 79, 19, 1170, 4, 2]
[1, 5, 94, 21, 279, 4, 2]
[1, 8, 13, 3, 6, 83, 4, 2]
[1, 19, 786, 86, 2]
[1, 5, 738, 5, 3, 7, 4, 2]
[1, 8, 65, 283, 2347, 5, 15, 10, 2]
[1, 14, 11, 185, 14, 6, 799, 4, 2]
[1, 5, 18, 30, 9, 159, 6, 1801, 4, 2]
[1, 9, 208, 11, 360, 4, 2]
[1, 1186, 2470, 1014, 4, 2]
[1, 9, 441, 133, 4, 2]
[1, 5, 3, 55, 7, 3, 4, 2]
[1, 170, 62, 7, 4, 2]
[1, 100, 16, 187, 245, 6, 10, 2]
[1, 1346, 123, 22, 68, 17, 5, 31, 18, 746, 4, 2]
[1, 9, 511, 3, 2482, 4, 2]
[1, 3, 1163, 10, 2]
[1, 5, 1789, 152, 54, 4, 2]
[1, 210, 5, 1045, 4, 2]
[1, 173, 5, 55, 6, 56, 17, 5, 11, 234, 4, 2]
[1, 9, 11, 191, 6, 4, 2]
[1, 5, 33, 143, 1194, 7, 4, 2]
[1, 8, 331, 22, 56, 585, 331, 10, 2]
[1, 12, 13, 671, 15, 10, 2]
[1, 116, 8, 18, 61, 917, 5, 6, 56, 17, 8, 44, 39, 62, 6, 4, 2]
[1, 5, 145, 437, 18, 334, 4, 2]
[1, 5, 368, 40, 5, 1890, 716, 4, 2]
[1, 22, 56, 1686, 10, 2]
[1, 14, 11, 223, 4, 2]
[1, 8, 195, 44, 166, 12, 4, 2]
[1, 84, 31, 39, 364, 84, 4, 2]
[1, 14, 29, 14, 305, 229, 7, 102, 96, 4, 2]
[1, 636, 1209, 6, 3, 3, 7, 4, 2]
[1, 484, 128, 520, 4, 2]
[1, 8, 100, 93, 18, 246, 10, 2]
[1, 8, 41, 247, 276, 15, 10, 2]
[1, 16, 94, 3, 141, 38, 4, 2]
[1, 9, 30, 136, 1729, 4, 2]
[1, 5, 174, 136, 14, 4, 2]
[1, 5, 208, 130, 217, 4, 2]
[1, 571, 662, 7, 4, 2]
[1, 8, 6, 290, 13, 304, 1055, 6, 10, 2]
[1, 9, 6, 244, 580, 27, 3, 3, 4, 2]
[1, 12, 1542, 105, 23, 10, 2]
[1, 9, 3613, 7, 9, 6, 1284, 4, 2]
[1, 5, 1098, 7, 26, 48, 4, 2]
[1, 8, 235, 78, 9, 15, 10, 2]
[1, 16, 94, 1110, 766, 4, 2]
[1, 5, 348, 81, 545, 8, 6, 2779, 4, 2]
[1, 1346, 364, 17, 5, 22, 31, 36, 4, 2]
[1, 14, 18, 30, 14, 6, 818, 4, 2]
[1, 12, 66, 120, 301, 1309, 4, 2]
[1, 62, 40, 16, 722, 1498, 4, 2]
[1, 16, 20, 102, 92, 4, 2]
[1, 8, 100, 39, 73, 5, 11, 33, 8, 10, 2]
[1, 14, 29, 7, 5, 1024, 1871, 4, 2]
[1, 729, 139, 4131, 3, 4, 2]
[1, 3, 7, 27, 209, 205, 103, 4, 2]
[1, 32, 91, 1120, 1411, 4, 2]
[1, 8, 20, 1143, 15, 10, 2]
[1, 14, 93, 64, 59, 5, 246, 17, 14, 66, 246, 4, 2]
[1, 13, 6, 599, 17, 5, 20, 19, 36, 4, 2]
[1, 26, 424, 3, 7, 362, 4, 2]
[1, 8, 11, 89, 449, 10, 2]
[1, 9, 2077, 19, 174, 8, 4, 2]
[1, 5, 101, 41, 185, 7, 4, 2]
[1, 214, 266, 6, 194, 13, 19, 266, 6, 4, 2]
[1, 258, 178, 4, 2]
[1, 5, 497, 430, 4, 2]
[1, 1089, 8, 34, 70, 19, 256, 4, 2]
[1, 5, 306, 576, 7, 1861, 4, 2]
[1, 4497, 571, 13, 27, 1104, 6, 3, 4, 2]
[1, 32, 998, 19, 619, 4, 2]
[1, 567, 17, 5, 19, 401, 29, 8, 418, 34, 238, 15, 10, 2]
[1, 8, 628, 7, 53, 345, 4, 2]
[1, 8, 49, 67, 5, 5198, 42, 3, 6, 352, 15, 10, 2]
[1, 8, 195, 19, 1066, 4, 2]
[1, 14, 6, 350, 246, 7, 4, 2]
[1, 249, 196, 20, 165, 4, 2]
[1, 5, 6, 1437, 704, 3909, 7, 3, 4, 2]
[1, 5, 368, 109, 11, 492, 366, 4, 2]
[1, 5, 95, 229, 8, 6, 1285, 13, 304, 10, 2]
[1, 706, 20, 102, 194, 3, 4, 2]
[1, 32, 20, 3, 6, 98, 42, 3, 4, 2]
[1, 5, 75, 23, 26, 1242, 6, 68, 4, 2]
[1, 43, 484, 128, 520, 4, 2]
[1, 8, 135, 140, 2245, 227, 10, 2]
[1, 8, 18, 61, 259, 54, 4, 2]
[1, 14, 52, 27, 19, 36, 6, 2126, 4, 2]
[1, 80, 745, 103, 203, 235, 16, 235, 5052, 4, 2]
[1, 3, 4, 2]
[1, 35, 883, 2326, 11, 2228, 46, 4, 2]
[1, 2923, 7, 3, 4, 2]
[1, 5, 33, 143, 11, 140, 495, 1471, 140, 4, 2]
[1, 9, 1772, 5, 141, 96, 7, 4, 2]
[1, 16, 6, 1025, 93, 64, 59, 16, 597, 4, 2]
[1, 550, 168, 507, 13, 588, 6, 4, 2]
[1, 630, 16, 452, 7, 549, 388, 44, 36, 7, 4, 2]
[1, 12, 113, 9, 49, 425, 3, 425, 4, 2]
[1, 8, 33, 45, 22, 44, 45, 22, 4, 2]
[1, 32, 248, 21, 351, 4, 2]
[1, 5, 1563, 35, 8, 167, 300, 4, 2]
[1, 14, 67, 9, 11, 119, 69, 672, 7, 9, 6, 119, 1801, 4, 2]
[1, 186, 333, 7, 1391, 4, 2]
[1, 9, 925, 40, 9, 156, 7, 4, 2]
[1, 14, 52, 53, 36, 1483, 4, 2]
[1, 9, 85, 26, 638, 7, 4, 2]
[1, 12, 121, 1100, 9, 6, 161, 15, 10, 2]
[1, 8, 20, 92, 122, 59, 8, 6, 92, 25, 3, 4, 2]
[1, 181, 45, 198, 17, 2432, 39, 45, 434, 6, 1636, 4, 2]
[1, 5105, 6, 3646, 3258, 3, 4, 2]
[1, 9, 29, 7, 5, 191, 6, 4, 2]
[1, 12, 64, 1008, 4, 2]
[1, 5, 143, 259, 5, 6, 381, 4, 2]
[1, 549, 3, 50, 679, 507, 6, 38, 4, 2]
[1, 5, 18, 277, 8, 6, 1017, 4, 2]
[1, 5, 61, 179, 4, 2]
[1, 24, 13, 74, 6, 1507, 10, 2]
[1, 202, 480, 7, 481, 4, 2]
[1, 40, 16, 131, 639, 239, 104, 4, 2]
[1, 43, 2154, 4, 2]
[1, 25, 38, 739, 14, 6, 1802, 4, 2]
[1, 8, 6, 76, 42, 5, 6, 2794, 4, 2]
[1, 9, 25, 11, 437, 48, 4, 2]
[1, 117, 69, 25, 38, 4, 2]
[1, 420, 3, 31, 19, 3, 7, 4, 2]
[1, 9, 35, 9, 6, 290, 917, 29, 5, 207, 4, 2]
[1, 750, 8, 11, 3, 17, 16, 44, 39, 122, 62, 7, 4, 2]
[1, 14, 6, 226, 11, 515, 4, 2]
[1, 5, 333, 7, 291, 29, 5, 4, 2]
[1, 16, 11, 3, 249, 196, 18, 28, 4, 2]
[1, 5, 18, 318, 292, 4, 2]
[1, 14, 101, 174, 9, 4, 2]
[1, 16, 3, 6, 3, 264, 4, 2]
[1, 3393, 4455, 218, 22, 200, 10, 2]
[1, 9, 30, 449, 4, 2]
[1, 8, 21, 133, 31, 21, 7, 15, 10, 2]
[1, 12, 67, 51, 14, 33, 136, 14, 6, 68, 4, 2]
[1, 9, 6, 405, 942, 31, 4745, 4746, 659, 4, 2]
[1, 221, 5, 296, 227, 10, 222, 221, 5, 19, 36, 4, 222, 2]
[1, 26, 886, 52, 4820, 4, 2]
[1, 8, 1767, 24, 111, 7, 15, 10, 2]
[1, 5, 277, 119, 4, 2]
[1, 8, 72, 415, 6, 56, 15, 10, 2]
[1, 8, 61, 85, 8, 6, 1843, 2722, 408, 737, 4, 2]
[1, 26, 202, 1586, 4, 2]
[1, 14, 33, 28, 74, 62, 7, 4, 2]
[1, 8, 30, 22, 44, 310, 54, 4, 2]
[1, 8, 30, 454, 386, 44, 454, 386, 4, 2]
[1, 138, 2368, 31, 13, 3, 6, 4, 2]
[1, 5, 50, 175, 141, 76, 15, 10, 2]
[1, 5, 113, 5, 107, 1100, 5, 4, 2]
[1, 47, 1582, 270, 19, 491, 4, 2]
[1, 11, 3, 20, 214, 827, 4, 2]
[1, 5, 50, 83, 23, 4, 2]
[1, 378, 3, 7, 125, 4, 2]
[1, 14, 376, 762, 21, 1609, 4, 2]
[1, 184, 42, 8, 171, 21, 71, 15, 10, 2]
[1, 24, 2119, 19, 988, 4, 2]
[1, 8, 95, 11, 3, 366, 6, 1580, 23, 7, 27, 19, 36, 4, 2]
[1, 16, 11, 54, 6, 56, 137, 992, 19, 1297, 7, 4, 2]
[1, 9, 253, 58, 146, 813, 55, 4, 2]
[1, 59, 244, 13, 244, 4, 2]
[1, 5, 94, 1036, 26, 2199, 4, 2]
[1, 3, 13, 27, 3, 4, 2]
[1, 9, 254, 204, 72, 21, 2748, 17, 373, 48, 4, 2]
[1, 888, 3797, 7, 4, 2]
[1, 77, 29, 5, 6, 226, 495, 375, 4, 2]
[1, 9, 81, 136, 5, 34, 4, 2]
[1, 16, 6, 298, 94, 3, 7, 4, 2]
[1, 12, 306, 70, 99, 5, 278, 4, 2]
[1, 8, 61, 40, 8, 6, 236, 4, 2]
[1, 3, 6, 3, 85, 3, 4, 2]
[1, 5, 91, 41, 162, 21, 1034, 4, 2]
[1, 184, 42, 8, 2182, 159, 15, 10, 2]
[1, 8, 849, 5, 53, 737, 4, 2]
[1, 5, 783, 363, 7, 24, 3, 765, 4, 2]
[1, 26, 356, 830, 39, 229, 26, 356, 830, 4, 2]
[1, 2833, 58, 3597, 27, 1621, 4, 2]
[1, 3, 13, 3, 6, 4, 2]
[1, 8, 25, 67, 5, 8, 6, 3, 4, 2]
[1, 5, 785, 100, 9, 41, 181, 23, 4, 2]
[1, 9, 6, 254, 3, 9, 23, 486, 4, 2]
[1, 8, 33, 122, 862, 539, 15, 10, 2]
[1, 12, 105, 114, 10, 2]
[1, 9, 67, 5, 17, 398, 5, 23, 7, 4, 2]
[1, 14, 653, 708, 42, 14, 171, 21, 4, 2]
[1, 54, 13, 5, 6, 4, 2]
[1, 8, 61, 35, 551, 6, 56, 588, 7, 4, 2]
[1, 9, 6, 150, 87, 266, 4, 2]
[1, 9, 6, 3, 34, 3, 281, 44, 193, 3, 7, 4, 2]
[1, 43, 29, 16, 3, 268, 4, 2]
[1, 2521, 17, 5, 50, 21, 164, 15, 37, 2]
[1, 5, 382, 30, 9, 6, 110, 17, 158, 9, 3331, 5, 101, 18, 30, 9, 6, 110, 4, 2]
[1, 5, 368, 196, 3156, 1992, 196, 3157, 710, 669, 4845, 5, 4, 2]
[1, 5, 135, 5, 318, 7, 4, 2]
[1, 12, 348, 101, 81, 40, 83, 6, 3, 4, 2]
[1, 75, 339, 7, 3, 4, 2]
[1, 14, 66, 11, 48, 4, 2]
[1, 3, 556, 4335, 104, 4, 2]
[1, 5, 75, 678, 33, 7, 4, 2]
[1, 5, 18, 30, 26, 933, 4, 2]
[1, 8, 255, 211, 288, 10, 2]
[1, 8, 131, 151, 8, 6, 949, 4, 2]
[1, 14, 29, 7, 5, 27, 3, 6, 4064, 4, 2]
[1, 40, 16, 11, 3278, 69, 814, 104, 4, 2]
[1, 8, 47, 5, 13, 415, 6, 806, 19, 36, 4, 2]
[1, 5, 3314, 279, 6, 1337, 19, 640, 4, 2]
[1, 341, 59, 181, 34, 182, 121, 19, 494, 15, 10, 2]
[1, 2564, 6, 56, 17, 526, 13, 87, 3, 4, 2]
[1, 9, 922, 3, 6, 305, 58, 342, 3, 4, 2]
[1, 8, 368, 109, 11, 89, 10, 2]
[1, 14, 628, 7, 3, 4, 2]
[1, 16, 31, 13, 38, 4, 2]
[1, 14, 299, 3, 7, 102, 4, 2]
[1, 16, 88, 475, 26, 224, 4, 2]
[1, 9, 6, 200, 25, 754, 11, 1287, 46, 4, 2]
[1, 8, 22, 56, 971, 164, 6, 10, 2]
[1, 5, 19, 621, 17, 5, 1769, 1574, 7, 4, 2]
[1, 14, 3778, 128, 48, 4, 2]
[1, 8, 921, 61, 652, 23, 6, 4, 66, 75, 25, 108, 557, 7, 4, 2]
[1, 27, 906, 6, 3587, 81, 23, 464, 68, 4, 2]
[1, 80, 57, 216, 4, 2]
[1, 84, 13, 564, 2386, 5192, 6, 4, 2]
[1, 5, 1096, 60, 61, 50, 6, 4, 2]
[1, 5, 6, 1685, 20, 485, 146, 4, 2]
[1, 49, 2182, 4121, 15, 10, 2]
[1, 5, 1102, 19, 312, 4, 2]
[1, 8, 41, 122, 862, 268, 15, 10, 2]
[1, 5, 65, 33, 122, 3, 4, 2]
[1, 74, 615, 7, 10, 2]
[1, 14, 164, 50, 996, 59, 14, 188, 278, 4, 2]
[1, 32, 87, 192, 4, 2]
[1, 16, 45, 197, 7, 141, 1477, 4, 2]
[1, 5, 175, 7, 14, 27, 3347, 4, 2]
[1, 1302, 27, 8, 30, 6, 4, 2]
[1, 9, 6, 274, 3, 128, 2985, 4, 2]
[1, 16, 72, 12, 4, 2]
[1, 5, 405, 1386, 3, 165, 4, 2]
[1, 16, 39, 782, 86, 2]
[1, 116, 12, 19, 89, 17, 52, 391, 10, 2]
[1, 547, 46, 20, 1794, 852, 4, 2]
[1, 8, 18, 1138, 12, 17, 52, 15, 10, 2]
[1, 54, 262, 7, 19, 1297, 4, 2]
[1, 8, 335, 7, 4, 2]
[1, 263, 86, 2]
[1, 12, 129, 51, 455, 2132, 4, 2]
[1, 8, 456, 576, 7, 8, 6, 456, 4, 2]
[1, 8, 287, 41, 493, 9, 4, 2]
[1, 5, 13, 12, 4, 2]
[1, 5, 241, 27, 2610, 6, 2754, 4, 2]
[1, 14, 212, 148, 26, 690, 17, 158, 14, 149, 258, 128, 23, 323, 4, 2]
[1, 263, 39, 34, 74, 10, 2]
[1, 583, 45, 431, 4, 2]
[1, 8, 49, 29, 5, 5, 5, 5, 5, 5, 5, 364, 7, 22, 10, 2]
[1, 5, 6, 1521, 93, 11, 3, 4, 2]
[1, 1125, 20, 1214, 6, 1938, 17, 64, 1790, 3, 4, 2]
[1, 14, 11, 1721, 780, 4, 2]
[1, 16, 13, 2109, 7, 4, 2]
[1, 5, 46, 245, 7, 383, 4, 2]
[1, 108, 466, 6, 31, 81, 466, 4, 2]
[1, 5, 679, 170, 218, 5, 6, 200, 4, 2]
[1, 138, 6, 258, 31, 2446, 7, 4, 2]
[1, 8, 163, 30, 607, 1448, 10, 2]
[1, 82, 511, 247, 12, 4, 2]
[1, 5, 50, 212, 847, 4, 2]
[1, 26, 690, 13, 3, 6, 4, 2]
[1, 416, 3, 415, 4, 2]
[1, 16, 41, 11, 133, 131, 7, 10, 2]
[1, 9, 3, 78, 7, 756, 4, 2]
[1, 886, 18, 61, 1048, 4, 2]
[1, 5, 6, 677, 553, 7, 4, 2]
[1, 782, 17, 2488, 8, 39, 816, 172, 4, 2]
[1, 8, 65, 41, 23, 22, 10, 2]
[1, 1128, 93, 11, 1236, 3, 15, 10, 2]
[1, 5, 19, 401, 181, 377, 156, 4, 2]
[1, 79, 35, 8, 6, 322, 46, 4, 2]
[1, 26, 3596, 13, 18, 1370, 6, 4, 2]
[1, 12, 109, 11, 201, 15, 10, 2]
[1, 5, 1651, 2073, 4, 2]
[1, 5, 107, 13, 3, 4, 2]
[1, 718, 999, 234, 7, 4, 2]
[1, 57, 123, 7, 132, 10, 2]
[1, 14, 47, 9, 294, 4, 2]
[1, 12, 34, 9, 18, 28, 137, 1400, 4, 2]
[1, 32, 58, 1320, 3, 7, 4, 2]
[1, 2947, 177, 86, 2]
[1, 5, 30, 71, 272, 4, 2]
[1, 3, 3975, 84, 15, 10, 2]
[1, 5, 94, 156, 7, 4, 2]
[1, 16, 41, 23, 22, 4, 2]
[1, 55, 54, 1679, 10, 2]
[1, 26, 3439, 6, 3, 13, 9, 6, 4, 2]
[1, 74, 13, 74, 10, 2]
[1, 8, 20, 155, 2125, 468, 10, 2]
[1, 12, 25, 432, 51, 6, 737, 4, 2]
[1, 8, 20, 12, 6, 2617, 15, 10, 2]
[1, 5, 621, 70, 166, 3, 4, 2]
[1, 3, 4, 2]
[1, 8, 61, 48, 70, 215, 578, 55, 4, 2]
[1, 5, 88, 90, 7, 26, 4, 2]
[1, 116, 8, 265, 24, 3, 17, 8, 44, 2468, 7, 4, 2]
[1, 26, 681, 1449, 2763, 4, 2]
[1, 25, 22, 42, 3, 4, 2]
[1, 12, 99, 9, 6, 226, 188, 4, 2]
[1, 8, 73, 12, 39, 3, 15, 10, 2]
[1, 142, 27, 2118, 4, 2]
[1, 14, 29, 8, 71, 7, 15, 10, 2]
[1, 303, 29, 7, 5, 4, 2]
[1, 5, 91, 69, 143, 970, 48, 4, 2]
[1, 54, 81, 262, 1014, 6, 92, 4, 2]
[1, 1001, 7, 670, 2568, 4, 2]
[1, 51, 91, 518, 566, 4, 2]
[1, 32, 143, 653, 229, 32, 6, 764, 4, 2]
[1, 25, 689, 58, 2620, 4, 2]
[1, 5, 299, 11, 613, 4, 2]
[1, 5, 33, 90, 5, 4457, 765, 4, 2]
[1, 5, 6, 555, 13, 1748, 4, 2]
[1, 5, 25, 1850, 4, 2]
[1, 3851, 708, 2305, 7, 507, 4, 2]
[1, 8, 28, 304, 55, 351, 6, 3, 177, 15, 10, 2]
[1, 295, 8, 283, 143, 653, 904, 4, 2]
[1, 3, 93, 11, 3952, 4, 2]
[1, 96, 90, 428, 594, 4, 2]
[1, 12, 99, 9, 1814, 4, 2]
[1, 8, 608, 3, 78, 15, 10, 2]
[1, 14, 67, 16, 14, 61, 483, 44, 72, 229, 236, 4, 2]
[1, 5, 307, 12, 25, 212, 16, 4, 2]
[1, 9, 18, 28, 105, 130, 1205, 4, 2]
[1, 12, 23, 7, 53, 645, 4, 2]
[1, 170, 62, 847, 7, 4, 2]
[1, 14, 504, 5, 13, 53, 236, 4, 2]
[1, 8, 169, 562, 845, 3, 7, 4, 2]
[1, 5, 18, 28, 2341, 6, 4, 2]
[1, 5, 241, 53, 2610, 6, 2754, 4, 2]
[1, 3, 810, 7, 4, 2]
[1, 5, 185, 7, 22, 4, 2]
[1, 5, 154, 85, 9, 6, 110, 252, 19, 1407, 7, 4, 2]
[1, 8, 61, 310, 8, 6, 440, 4, 2]
[1, 16, 388, 1852, 7, 4, 2]
[1, 5, 19, 411, 12, 1332, 5, 1617, 70, 19, 411, 9, 4, 2]
[1, 5, 339, 685, 4, 2]
[1, 12, 95, 129, 5, 23, 51, 4, 2]
[1, 5, 747, 7, 4, 2]
[1, 5, 6, 226, 85, 5, 23, 7, 27, 460, 4, 2]
[1, 316, 11, 322, 1409, 279, 4, 2]
[1, 9, 444, 58, 118, 292, 3, 3, 7, 4, 2]
[1, 5, 265, 54, 75, 212, 7, 4, 2]
[1, 2287, 369, 3, 565, 103, 4, 2]
[1, 1186, 2152, 19, 697, 63, 4, 2]
[1, 5, 23, 428, 44, 25, 179, 4, 2]
[1, 5, 107, 19, 546, 9, 6, 1912, 1349, 55, 7, 4, 2]
[1, 8, 152, 5, 789, 4, 2]
[1, 142, 1992, 879, 6, 161, 4, 2]
[1, 5, 19, 179, 11, 57, 233, 8, 4, 2]
[1, 32, 11, 1034, 62, 4, 2]
[1, 5, 1124, 190, 1931, 4, 2]
[1, 12, 1633, 4, 2]
[1, 5, 1098, 7, 8, 6, 3, 4, 2]
[1, 471, 38, 19, 36, 4, 2]
[1, 5, 106, 712, 117, 4, 2]
[1, 12, 72, 96, 4, 2]
[1, 5, 135, 9, 13, 53, 19, 1520, 6, 993, 4, 2]
[1, 3, 11, 89, 10, 2]
[1, 24, 111, 6, 854, 13, 872, 46, 4, 2]
[1, 5, 1165, 2939, 9, 4, 2]
[1, 14, 11, 3, 230, 817, 615, 4, 2]
[1, 5, 265, 7, 2820, 46, 6, 3, 4, 2]
[1, 9, 649, 55, 81, 1554, 14, 4, 2]
[1, 828, 103, 1225, 7, 5, 6, 107, 4, 2]
[1, 54, 13, 8, 6, 15, 10, 2]
[1, 157, 47, 8, 6, 15, 10, 2]
[1, 16, 33, 28, 100, 14, 85, 3, 6, 244, 246, 7, 4, 2]
[1, 8, 11, 89, 651, 10, 2]
[1, 12, 11, 406, 4, 2]
[1, 26, 311, 19, 546, 4, 2]
[1, 8, 218, 22, 200, 10, 2]
[1, 351, 11, 89, 10, 2]
[1, 40, 16, 865, 216, 7, 17, 398, 3, 16, 6, 1153, 4, 2]
[1, 100, 16, 18, 45, 431, 10, 2]
[1, 14, 29, 98, 196, 23, 7, 2921, 4, 2]
[1, 9, 6, 338, 13, 121, 15, 10, 2]
[1, 5, 680, 78, 705, 4, 2]
[1, 12, 537, 4, 2]
[1, 9, 532, 171, 5, 4, 2]
[1, 9, 189, 9, 6, 117, 69, 20, 48, 4, 2]
[1, 5, 75, 616, 7, 4, 2]
[1, 9, 622, 7, 457, 4, 2]
[1, 14, 47, 83, 6, 4902, 19, 808, 4, 2]
[1, 5, 18, 28, 9, 426, 30, 5, 4, 2]
[1, 5, 28, 304, 2089, 3, 4, 2]
[1, 8, 90, 7, 22, 10, 2]
[1, 16, 11, 2696, 42, 3, 4, 2]
[1, 3, 355, 19, 355, 4, 2]
[1, 14, 118, 5, 42, 32, 6, 1976, 17, 271, 59, 5, 2781, 1396, 5, 23, 7, 719, 4, 2]
[1, 184, 118, 144, 8, 6, 468, 15, 10, 2]
[1, 5, 20, 27, 76, 4, 2]
[1, 54, 52, 5, 6, 245, 4, 2]
[1, 60, 52, 5, 6, 349, 4, 2]
[1, 859, 261, 31, 13, 254, 6, 4, 2]
[1, 5, 30, 691, 4, 2]
[1, 32, 6, 92, 93, 25, 4, 2]
[1, 5, 19, 179, 8, 13, 47, 6, 4, 2]
[1, 140, 13, 27, 1995, 6, 359, 4, 2]
[1, 8, 72, 28, 3, 3, 150, 4, 2]
[1, 14, 441, 1692, 46, 4, 2]
[1, 59, 8, 2238, 2239, 774, 4, 2]
[1, 5, 50, 11, 826, 4, 2]
[1, 20, 22, 68, 40, 8, 50, 23, 15, 10, 2]
[1, 1631, 86, 2]
[1, 8, 75, 45, 7, 460, 4, 2]
[1, 9, 704, 759, 7, 5045, 6, 3, 4, 2]
[1, 77, 248, 15, 10, 2]
[1, 8, 73, 5, 61, 11, 91, 220, 22, 10, 2]
[1, 65, 87, 593, 17, 52, 15, 10, 2]
[1, 8, 49, 11, 57, 6, 735, 4, 2]
[1, 91, 39, 20, 82, 4, 2]
[1, 77, 11, 145, 1234, 1185, 4, 2]
[1, 5, 1206, 8, 4, 2]
[1, 12, 34, 9, 174, 5, 4, 2]
[1, 40, 5, 62, 4, 2]
[1, 184, 419, 8, 141, 96, 15, 10, 2]
[1, 5, 11, 1531, 753, 46, 259, 7, 26, 753, 4, 2]
[1, 12, 3, 7, 4, 2]
[1, 24, 319, 18, 188, 4, 2]
[1, 9, 808, 156, 7, 4, 2]
[1, 3, 13, 27, 3, 6, 240, 38, 4, 2]
[1, 12, 206, 22, 7, 4, 2]
[1, 12, 72, 51, 6, 518, 4, 2]
[1, 8, 28, 304, 248, 15, 10, 2]
[1, 5, 18, 28, 12, 1724, 23, 22, 4, 2]
[1, 788, 427, 7, 4, 2]
[1, 8, 299, 19, 250, 4, 2]
[1, 8, 624, 4735, 37, 2]
[1, 32, 6, 161, 418, 4213, 3, 4, 2]
[1, 24, 6, 3, 20, 564, 4856, 6, 194, 4, 2]
[1, 5, 18, 30, 4, 2]
[1, 8, 61, 28, 8, 6, 910, 4, 2]
[1, 9, 82, 122, 21, 82, 7, 4, 2]
[1, 5, 33, 364, 1862, 911, 6, 84, 4, 2]
[1, 9, 116, 4456, 4415, 17, 24, 111, 2968, 7, 4, 2]
[1, 12, 67, 5, 1069, 22, 4, 2]
[1, 12, 49, 123, 7, 22, 68, 4, 2]
[1, 5, 95, 131, 8, 4, 2]
[1, 9, 1113, 7, 27, 209, 4, 2]
[1, 24, 13, 18, 82, 6, 4, 2]
[1, 9, 30, 9, 107, 4, 2]
[1, 9, 25, 1018, 4, 2]
[1, 5, 94, 466, 172, 22, 172, 10, 2]
[1, 3, 143, 19, 517, 4, 2]
[1, 35, 54, 1305, 4, 2]
[1, 3, 40, 16, 80, 27, 98, 196, 992, 31, 39, 171, 21, 16, 4, 2]
[1, 5, 113, 12, 41, 2387, 4, 2]
[1, 14, 2316, 5, 537, 4, 2]
[1, 12, 154, 260, 4, 2]
[1, 9, 11, 632, 298, 686, 139, 412, 7, 9, 4, 2]
[1, 998, 730, 54, 7, 4, 2]
[1, 157, 3068, 13, 415, 6, 4, 2]
[1, 5, 33, 45, 197, 1697, 4, 2]
[1, 5, 6, 56, 17, 242, 5, 203, 31, 672, 7, 16, 6, 1056, 4, 2]
[1, 60, 52, 5, 6, 349, 4, 2]
[1, 145, 238, 104, 4, 2]
[1, 8, 13, 249, 4, 2]
[1, 5, 175, 7, 470, 133, 6, 322, 4, 2]
[1, 8, 20, 417, 396, 15, 10, 2]
[1, 26, 1687, 58, 1997, 4289, 1508, 4, 2]
[1, 1839, 86, 2]
[1, 3, 93, 19, 3171, 4, 2]
[1, 5, 88, 176, 289, 7, 4, 2]
[1, 12, 13, 9, 6, 1231, 6, 38, 4, 2]
[1, 5, 18, 28, 60, 13, 96, 4, 2]
[1, 5, 75, 131, 7, 809, 209, 4, 2]
[1, 5, 20, 102, 367, 425, 4, 2]
[1, 5, 19, 963, 8, 4, 2]
[1, 8, 20, 108, 285, 3142, 15, 10, 2]
[1, 5, 321, 57, 6, 3, 17, 8, 31, 20, 155, 96, 10, 2]
[1, 294, 1496, 4, 2]
[1, 40, 5, 33, 2042, 4, 2]
[1, 54, 13, 27, 115, 6, 4, 2]
[1, 8, 109, 11, 133, 288, 7, 10, 2]
[1, 5, 66, 44, 166, 5, 6, 305, 188, 4, 2]
[1, 12, 166, 16, 6, 838, 188, 4, 2]
[1, 64, 233, 108, 1264, 1576, 4, 2]
[1, 384, 5, 17, 199, 38, 31, 896, 7, 561, 4, 2]
[1, 14, 88, 21, 7, 406, 4, 2]
[1, 5, 131, 14, 36, 1297, 7, 4, 2]
[1, 125, 6, 249, 19, 659, 4, 2]
[1, 32, 3, 148, 3, 4, 2]
[1, 16, 710, 39, 577, 32, 4, 2]
[1, 5, 94, 156, 7, 4, 2]
[1, 5, 18, 193, 59, 8, 34, 5234, 4, 2]
[1, 5, 185, 428, 5, 6, 1738, 4, 2]
[1, 12, 418, 29, 5, 20, 141, 3, 4, 2]
[1, 208, 11, 89, 17, 5, 608, 109, 78, 315, 4, 2]
[1, 9, 35, 9, 6, 469, 1668, 7, 4, 2]
[1, 2388, 216, 86, 2]
[1, 1405, 6, 10, 2]
[1, 5, 152, 8, 4, 2]
[1, 5, 113, 8, 49, 318, 7, 3, 4, 2]
[1, 60, 13, 610, 6, 96, 4, 2]
[1, 5, 6, 117, 1373, 13, 155, 10, 2]
[1, 125, 1577, 1634, 103, 1433, 4, 2]
[1, 5, 18, 339, 685, 4, 2]
[1, 5, 106, 21, 4, 2]
[1, 8, 61, 1238, 24, 3, 510, 4, 2]
[1, 294, 1496, 4, 2]
[1, 5, 474, 429, 403, 7, 5, 6, 465, 4, 2]
[1, 157, 1504, 5, 220, 177, 19, 3148, 4, 2]
[1, 822, 13, 522, 822, 6, 38, 259, 6, 4, 2]
[1, 16, 289, 82, 39, 260, 4, 2]
[1, 11, 464, 477, 145, 17, 52, 169, 6, 4, 2]
[1, 57, 20, 214, 3, 4, 2]
[1, 16, 90, 7, 848, 191, 647, 29, 3, 4, 2]
[1, 9, 1945, 1238, 9, 6, 510, 4, 2]
[1, 85, 26, 526, 270, 650, 20, 1945, 6, 68, 1123, 4, 2]
[1, 25, 496, 215, 2891, 4, 2]
[1, 5, 30, 58, 347, 4, 2]
[1, 214, 1566, 6, 56, 17, 3, 1566, 4, 2]
[1, 12, 213, 18, 1286, 6, 17, 637, 13, 1292, 18, 82, 6, 425, 4, 2]
[1, 16, 632, 298, 41, 1248, 757, 4, 2]
[1, 713, 584, 683, 1908, 7, 4, 2]
[1, 22, 56, 1915, 44, 719, 104, 4, 2]
[1, 9, 587, 5, 243, 9, 694, 4, 2]
[1, 14, 160, 176, 167, 7, 670, 3, 4, 2]
[1, 9, 85, 60, 803, 7, 1555, 453, 4, 2]
[1, 1896, 11, 3, 343, 58, 167, 7, 4, 2]
[1, 5, 65, 963, 7, 238, 3247, 264, 4, 2]
[1, 8, 85, 5, 1285, 4, 2]
[1, 8, 30, 71, 272, 15, 10, 2]
[1, 186, 11, 57, 130, 379, 4, 2]
[1, 5, 228, 75, 228, 7, 3, 4, 2]
[1, 5, 135, 24, 204, 134, 935, 672, 7, 147, 375, 4, 2]
[1, 16, 13, 74, 10, 2]
[1, 77, 29, 8, 108, 8, 106, 6, 97, 4, 2]
[1, 522, 8, 62, 228, 4, 2]
[1, 8, 6, 1426, 23, 22, 10, 2]
[1, 5, 429, 403, 7, 9, 6, 606, 4, 2]
[1, 19, 401, 1040, 8, 7, 4, 2]
[1, 8, 61, 118, 3, 2846, 4, 2]
[1, 25, 753, 6, 267, 44, 3, 7, 4, 2]
[1, 40, 5, 40, 8, 35, 8, 6, 3185, 4, 2]
[1, 26, 76, 93, 25, 58, 372, 4, 2]
[1, 116, 8, 18, 782, 17, 60, 172, 168, 8, 143, 605, 172, 4, 2]
[1, 9, 93, 2957, 57, 17, 398, 9, 6, 367, 125, 6, 6, 6, 6, 609, 760, 4, 2]
[1, 8, 18, 152, 1666, 4, 2]
[1, 2173, 11, 3, 4, 2]
[1, 9, 20, 4558, 140, 6, 150, 4, 2]
[1, 5, 6, 56, 58, 565, 939, 4, 2]
[1, 12, 39, 21, 23, 4, 2]
[1, 5, 348, 81, 545, 8, 6, 2779, 4, 2]
[1, 14, 711, 39, 254, 4, 2]
[1, 8, 864, 2612, 22, 180, 10, 2]
[1, 5, 253, 58, 146, 813, 55, 4, 2]
[1, 16, 251, 8, 6, 3, 7, 4, 2]
[1, 547, 27, 38, 1889, 214, 4, 2]
[1, 5, 25, 802, 409, 335, 6, 527, 4, 2]
[1, 9, 11, 172, 1508, 58, 3, 7, 4, 2]
[1, 12, 744, 81, 235, 8, 7, 4, 2]
[1, 125, 227, 10, 2]
[1, 24, 13, 1807, 6, 163, 3, 4, 2]
[1, 8, 23, 275, 156, 381, 7, 15, 37, 2]
[1, 5, 40, 5, 6, 258, 29, 5, 6, 258, 4, 2]
[1, 14, 6, 501, 1446, 19, 36, 4, 2]
[1, 5, 25, 802, 527, 4, 2]
[1, 12, 13, 53, 3, 4, 2]
[1, 5, 72, 3, 15, 10, 2]
[1, 462, 61, 149, 2569, 124, 4, 2]
[1, 24, 3636, 1279, 349, 3274, 4, 2]
[1, 8, 28, 16, 426, 669, 16, 4, 2]
[1, 116, 5, 33, 198, 17, 77, 35, 264, 6, 4, 2]
[1, 828, 5, 11, 201, 4, 2]
[1, 5, 11, 130, 379, 4, 2]
[1, 5, 11, 45, 1484, 4, 2]
[1, 5, 30, 45, 3, 17, 539, 101, 81, 225, 268, 4, 2]
[1, 142, 27, 87, 1170, 6, 338, 4, 2]
[1, 9, 26, 3, 9, 6, 226, 4, 2]
[1, 189, 5, 3, 4, 2]
[1, 16, 3, 23, 7, 549, 388, 4, 2]
[1, 9, 99, 14, 192, 1616, 4, 2]
[1, 443, 13, 1928, 6, 264, 684, 4, 2]
[1, 5, 605, 7, 9, 510, 4, 2]
[1, 9, 13, 53, 19, 254, 6, 3216, 4, 2]
[1, 5, 30, 2651, 634, 1960, 4, 2]
[1, 12, 1475, 51, 6, 141, 262, 4, 2]
[1, 584, 4847, 62, 4, 2]
[1, 5, 58, 429, 1060, 4, 2]
[1, 32, 31, 13, 2010, 6, 98, 4, 2]
[1, 9, 20, 34, 6, 13, 20, 643, 715, 4, 2]
[1, 51, 39, 254, 4, 2]
[1, 427, 40, 5, 71, 2217, 36, 15, 10, 2]
[1, 5, 18, 28, 32, 426, 75, 85, 14, 4, 2]
[1, 9, 29, 7, 14, 27, 3, 4, 2]
[1, 5, 135, 19, 1050, 4, 2]
[1, 12, 3, 7, 126, 6, 1057, 4, 2]
[1, 13, 6, 249, 17, 5, 20, 8, 6, 4, 2]
[1, 5, 75, 296, 2064, 7, 4, 2]
[1, 5, 504, 8, 33, 280, 5, 4, 2]
[1, 5, 73, 12, 279, 4, 2]
[1, 8, 49, 212, 15, 10, 2]
[1, 5, 437, 1688, 125, 4, 2]
[1, 5, 33, 978, 323, 4, 2]
[1, 216, 45, 431, 227, 10, 2]
[1, 5, 2860, 230, 17, 1874, 248, 1127, 5248, 7, 2835, 4, 2]
[1, 14, 1269, 7, 294, 4, 2]
[1, 12, 72, 3, 4, 2]
[1, 2652, 377, 780, 31, 21, 7, 4, 2]
[1, 9, 6, 226, 29, 9, 3, 62, 7, 4, 2]
[1, 5080, 75, 18, 1370, 7, 4, 2]
[1, 14, 85, 5, 2276, 7, 27, 245, 4, 2]
[1, 5, 107, 11, 5, 615, 7, 4, 2]
[1, 67, 5, 8, 41, 327, 4, 2]
[1, 5, 105, 21, 873, 41, 10, 2]
[1, 8, 365, 611, 9, 6, 4042, 7, 15, 37, 2]
[1, 1638, 17, 24, 204, 134, 4, 2]
[1, 8, 75, 45, 3, 7, 15, 10, 2]
[1, 14, 29, 14, 290, 3, 4, 2]
[1, 32, 3, 16, 6, 4438, 4, 2]
[1, 32, 25, 136, 292, 4, 2]
[1, 5, 11, 1643, 4, 2]
[1, 14, 561, 5, 21, 12, 42, 5, 171, 247, 284, 4, 2]
[1, 5, 474, 11, 329, 69, 672, 7, 5, 6, 1685, 4, 2]
[1, 3684, 385, 86, 2]
[1, 1207, 6, 972, 297, 44, 166, 3, 4, 2]
[1, 232, 8, 107, 34, 198, 17, 39, 348, 1352, 4, 232, 2]
[1, 5, 18, 339, 3, 6, 4, 2]
[1, 9, 75, 651, 137, 2774, 7, 4, 2]
[1, 8, 100, 18, 42, 9, 1055, 10, 2]
[1, 77, 29, 12, 3, 7, 53, 4, 2]
[1, 78, 144, 56, 3, 7, 4, 2]
[1, 219, 617, 5, 47, 1119, 114, 4, 2]
[1, 8, 40, 9, 550, 4, 2]
[1, 474, 9, 52, 181, 981, 4, 2]
[1, 12, 18, 72, 3340, 5, 4, 2]
[1, 8, 30, 15, 10, 2]
[1, 14, 43, 9, 354, 2273, 4, 2]
[1, 9, 75, 651, 7, 4, 2]
[1, 3, 1785, 7, 53, 1067, 4, 2]
[1, 236, 11, 2038, 4, 2]
[1, 14, 265, 14, 6, 799, 11, 322, 1409, 4, 2]
[1, 12, 33, 122, 131, 238, 4, 2]
[1, 9, 804, 3, 4, 2]
[1, 88, 231, 87, 36, 4, 2]
[1, 9, 152, 9, 49, 552, 4, 2]
[1, 8, 13, 1575, 15, 37, 2]
[1, 93, 25, 3, 4, 2]
[1, 8, 163, 30, 22, 837, 10, 2]
[1, 9, 13, 60, 1360, 4, 2]
[1, 16, 113, 12, 19, 36, 4, 2]
[1, 5, 160, 176, 178, 209, 4, 2]
[1, 24, 25, 5, 367, 1670, 4, 2]
[1, 383, 3259, 7, 824, 4, 2]
[1, 16, 61, 21, 607, 7, 15, 10, 2]
[1, 8, 28, 14, 85, 132, 340, 10, 2]
[1, 66, 123, 7, 22, 68, 10, 2]
[1, 8, 11, 1360, 17, 52, 15, 10, 2]
[1, 12, 19, 36, 4, 2]
[1, 8, 967, 60, 111, 7, 15, 10, 2]
[1, 102, 161, 58, 3, 7, 4, 2]
[1, 5, 81, 247, 284, 4, 2]
[1, 2327, 1033, 13, 254, 6, 4, 2]
[1, 157, 2199, 13, 3, 4, 2]
[1, 12, 20, 393, 764, 4, 2]
[1, 9, 1774, 9, 6, 838, 381, 4, 2]
[1, 347, 1363, 7, 1251, 4, 2]
[1, 25, 422, 681, 11, 133, 6, 1955, 4, 2]
[1, 316, 25, 58, 3, 78, 4, 2]
[1, 5, 497, 130, 217, 4, 2]
[1, 5, 210, 402, 7, 982, 209, 4, 2]
[1, 5, 290, 1549, 5, 42, 1421, 171, 21, 4, 2]
[1, 706, 3, 123, 7, 887, 4, 2]
[1, 14, 11, 3, 1712, 7, 3, 4, 2]
[1, 186, 40, 134, 550, 4, 2]
[1, 24, 13, 5, 1767, 6, 163, 5111, 6, 150, 4, 2]
[1, 8, 66, 13, 74, 10, 2]
[1, 8, 105, 33, 10, 2]
[1, 5, 20, 124, 798, 4, 2]
[1, 26, 3923, 4688, 58, 1526, 13, 491, 6, 4, 2]
[1, 8, 11, 870, 46, 238, 118, 870, 13, 155, 10, 2]
[1, 35, 647, 328, 322, 139, 4, 2]
[1, 567, 17, 158, 5, 136, 5030, 8, 34, 198, 4, 2]
[1, 5, 1252, 78, 134, 4, 2]
[1, 47, 487, 3, 660, 4, 2]
[1, 5, 95, 114, 4, 2]
[1, 14, 88, 211, 11, 1085, 4, 2]
[1, 1125, 8, 11, 27, 98, 17, 8, 6, 219, 31, 41, 3, 4, 2]
[1, 25, 249, 4, 2]
[1, 8, 444, 727, 15, 10, 2]
[1, 62, 104, 4, 16, 171, 45, 177, 104, 4, 2]
[1, 8, 193, 314, 63, 6, 1184, 7, 4, 2]
[1, 9, 20, 393, 764, 4, 2]
[1, 9, 922, 5, 151, 9, 6, 68, 4, 2]
[1, 8, 28, 304, 2089, 3, 15, 10, 2]
[1, 24, 161, 3042, 4, 2]
[1, 5, 3, 34, 70, 19, 1926, 4, 2]
[1, 5, 25, 316, 4, 2]
[1, 16, 11, 172, 46, 151, 7, 4, 2]
[1, 157, 257, 31, 13, 45, 6, 4, 2]
[1, 8, 28, 170, 218, 74, 15, 10, 2]
[1, 5, 107, 30, 268, 4, 2]
[1, 5, 206, 4485, 20, 3, 4, 2]
[1, 5, 11, 1909, 1020, 4, 2]
[1, 8, 307, 8, 106, 22, 10, 2]
[1, 12, 75, 588, 7, 3, 7, 15, 10, 2]
[1, 100, 16, 18, 156, 180, 10, 2]
[1, 24, 375, 525, 7, 4, 2]
[1, 978, 104, 4, 2]
[1, 14, 82, 5, 47, 26, 3, 4, 2]
[1, 16, 11, 1963, 20, 3, 4, 2]
[1, 5, 241, 18, 4033, 4, 2]
[1, 14, 35, 161, 429, 3, 7, 4, 2]
[1, 2173, 11, 3, 4, 2]
[1, 2909, 2422, 4, 2]
[1, 60, 13, 3, 4, 2]
[1, 5, 85, 8, 23, 7, 27, 257, 4, 2]
[1, 107, 67, 5, 21, 485, 146, 4, 2]
[1, 5, 19, 179, 126, 3, 435, 4, 2]
[1, 11, 234, 4, 2]
[1, 9, 19, 256, 676, 4, 2]
[1, 9, 3, 7, 53, 311, 4, 2]
[1, 3, 13, 1320, 4, 2]
[1, 8, 164, 996, 99, 5, 36, 4, 2]
[1, 9, 3095, 7, 3095, 3, 6, 507, 4, 2]
[1, 8, 67, 5, 5198, 7, 197, 6, 68, 4, 2]
[1, 8, 49, 997, 7, 9, 107, 115, 6, 96, 4, 2]
[1, 24, 287, 13, 245, 6, 4, 2]
[1, 100, 8, 95, 652, 62, 37, 2]
[1, 63, 180, 10, 2]
[1, 850, 77, 29, 8, 515, 846, 291, 6, 4, 2]
[1, 12, 22, 31, 64, 321, 4, 2]
[1, 118, 4957, 665, 494, 15, 10, 2]
[1, 9, 91, 130, 379, 4, 2]
[1, 8, 34, 263, 466, 144, 17, 21, 842, 45, 431, 227, 10, 2]
[1, 257, 58, 2252, 2791, 4, 2]
[1, 8, 47, 5, 270, 19, 2071, 4, 2]
[1, 609, 13, 22, 231, 10, 2]
[1, 237, 160, 334, 156, 4, 2]
[1, 8, 50, 118, 5, 6, 396, 4, 2]
[1, 102, 45, 102, 6, 3, 4, 2]
[1, 822, 105, 93, 49, 23, 10, 2]
[1, 40, 5, 11, 24, 3, 123, 4, 2]
[1, 14, 29, 83, 159, 4, 2]
[1, 38, 154, 2429, 4, 2]
[1, 5, 3, 197, 4, 2]
[1, 9, 18, 72, 23, 119, 48, 4, 2]
[1, 54, 52, 19, 266, 6, 534, 4, 2]
[1, 16, 61, 1402, 83, 4, 2]
[1, 32, 13, 110, 15, 10, 2]
[1, 5, 18, 314, 26, 1218, 6, 68, 4, 2]
[1, 8, 64, 496, 211, 8, 4, 2]
[1, 14, 6, 350, 246, 7, 17, 14, 6, 527, 4, 2]
[1, 383, 164, 205, 383, 4, 2]
[1, 26, 3923, 4688, 58, 1526, 13, 491, 6, 4, 2]
[1, 5, 93, 64, 45, 275, 431, 4, 2]
[1, 8, 73, 9, 13, 3, 15, 10, 2]
[1, 14, 75, 3, 7, 84, 7, 4, 2]
[1, 5, 241, 3074, 239, 4, 2]
[1, 825, 494, 4, 2]
[1, 32, 2103, 7, 4, 2]
[1, 12, 210, 23, 275, 7, 9, 6, 68, 4, 2]
[1, 84, 13, 564, 2386, 5192, 6, 352, 4, 2]
[1, 32, 650, 3, 17, 16, 246, 7, 4, 2]
[1, 9, 199, 38, 31, 2793, 987, 148, 4, 2]
[1, 1486, 405, 1386, 3, 4, 2]
[1, 24, 204, 134, 253, 45, 97, 4, 2]
[1, 8, 6, 134, 105, 7, 10, 2]
[1, 9, 33, 80, 9, 6, 325, 55, 7, 4, 2]
[1, 9, 75, 651, 3, 7, 4, 2]
[1, 14, 46, 3, 14, 6, 48, 4, 2]
[1, 5, 30, 2363, 4, 2]
[1, 16, 6, 966, 13, 140, 6, 4, 2]
[1, 2227, 13, 610, 713, 1280, 1394, 6, 579, 4, 2]
[1, 8, 50, 118, 5, 6, 757, 4, 2]
[1, 636, 1988, 13, 3, 15, 10, 2]
[1, 41, 155, 10, 2]
[1, 12, 39, 131, 4, 2]
[1, 12, 34, 9, 39, 175, 51, 133, 4, 2]
[1, 9, 20, 102, 150, 4, 2]
[1, 12, 91, 176, 162, 4, 2]
[1, 5, 156, 965, 39, 11, 1190, 406, 69, 156, 4, 2]
[1, 9, 94, 20, 27, 305, 4, 2]
[1, 9, 34, 70, 19, 693, 4, 2]
[1, 8, 61, 29, 9, 6, 1417, 4, 2]
[1, 3013, 123, 7, 1118, 4, 2]
[1, 12, 131, 151, 199, 38, 31, 11, 984, 4, 2]
[1, 14, 13, 53, 3, 6, 38, 4, 2]
[1, 5, 3, 261, 6, 97, 4, 2]
[1, 24, 375, 94, 333, 7, 4, 2]
[1, 221, 13, 27, 2980, 6, 6, 856, 684, 4, 222, 221, 181, 871, 222, 2]
[1, 60, 13, 5, 6, 163, 649, 4, 2]
[1, 35, 8, 6, 1272, 2451, 197, 300, 4, 2]
[1, 14, 11, 3, 4, 2]
[1, 8, 608, 3, 78, 15, 10, 2]
[1, 5, 394, 321, 8, 6, 1213, 4, 2]
[1, 554, 123, 7, 485, 526, 4, 2]
[1, 3, 910, 190, 61, 1773, 16, 6, 387, 4, 2]
[1, 116, 8, 254, 17, 8, 44, 39, 254, 4, 2]
[1, 5, 33, 21, 1388, 4, 2]
[1, 12, 18, 2034, 7, 1816, 4, 2]
[1, 5, 33, 796, 29, 8, 1113, 7, 315, 17, 44, 29, 5, 7, 4, 2]
[1, 5, 30, 2651, 634, 1960, 4, 2]
[1, 5, 265, 7, 24, 111, 4, 2]
[1, 14, 18, 30, 430, 4, 2]
[1, 35, 32, 29, 32, 4, 2]
[1, 8, 1016, 412, 7, 1255, 4, 2]
[1, 5, 50, 45, 26, 1272, 2451, 15, 10, 2]
[1, 181, 17, 5, 18, 309, 2025, 5, 22, 68, 4, 2]
[1, 5, 13, 53, 219, 4, 2]
[1, 9, 174, 589, 4, 2]
[1, 5, 11, 372, 26, 76, 46, 20, 491, 4, 2]
[1, 5, 65, 176, 374, 1008, 4, 2]
[1, 5, 143, 128, 45, 8, 6, 1194, 7, 4, 2]
[1, 8, 208, 512, 315, 15, 10, 2]
[1, 5, 18, 309, 235, 78, 14, 4, 2]
[1, 3, 4, 2]
[1, 261, 93, 81, 466, 15, 10, 2]
[1, 38, 13, 18, 166, 32, 6, 38, 4, 2]
[1, 98, 196, 11, 98, 196, 4, 2]
[1, 36, 17, 136, 5, 34, 15, 10, 2]
[1, 3176, 6, 141, 5162, 227, 10, 2]
[1, 5, 66, 499, 153, 162, 4, 2]
[1, 1145, 148, 38, 71, 13, 18, 734, 6, 4, 2]
[1, 12, 25, 11, 1191, 69, 23, 6, 3, 4, 2]
[1, 5, 106, 45, 1715, 6, 97, 4, 2]
[1, 9, 124, 101, 25, 4, 2]
[1, 8, 1049, 13, 155, 10, 2]
[1, 12, 34, 9, 1895, 389, 7, 4, 2]
[1, 8, 463, 153, 1440, 725, 1800, 6, 965, 4927, 4, 2]
[1, 32, 13, 181, 313, 4, 2]
[1, 14, 75, 835, 7, 294, 4, 2]
[1, 12, 365, 203, 312, 4, 2]
[1, 8, 608, 2845, 3165, 3, 1311, 15, 10, 2]
[1, 5, 208, 18, 23, 4, 2]
[1, 1564, 17, 14, 31, 19, 3023, 4, 2]
[1, 9, 18, 30, 264, 4, 2]
[1, 115, 36, 599, 86, 2]
[1, 12, 25, 92, 4, 2]
[1, 116, 52, 2153, 2431, 3, 17, 32, 154, 6, 68, 4, 2]
[1, 5, 33, 156, 4, 2]
[1, 12, 30, 199, 38, 4, 2]
[1, 5, 1764, 164, 4, 2]
[1, 214, 1497, 6, 1059, 99, 17, 315, 1538, 4, 2]
[1, 568, 18, 1294, 4, 2]
[1, 9, 93, 1181, 4, 2]
[1, 9, 88, 55, 7, 450, 4, 2]
[1, 16, 597, 7, 3, 6, 3, 4, 2]
[1, 3, 4, 2]
[1, 8, 11, 3, 180, 10, 2]
[1, 8, 308, 155, 111, 10, 2]
[1, 12, 301, 6, 3, 3, 4, 2]
[1, 5, 50, 103, 22, 56, 103, 4, 2]
[1, 5, 18, 318, 9, 4, 2]
[1, 14, 33, 21, 423, 4, 2]
[1, 1737, 55, 355, 4, 2]
[1, 9, 6, 436, 1808, 39, 3, 114, 4, 2]
[1, 12, 80, 7, 300, 4, 2]
[1, 16, 680, 46, 7, 874, 954, 4, 2]
[1, 8, 207, 5, 15, 10, 2]
[1, 59, 16, 480, 177, 104, 4, 2]
[1, 16, 11, 842, 50, 21, 4, 2]
[1, 9, 174, 14, 4, 2]
[1, 5, 18, 277, 8, 6, 1017, 4, 2]
[1, 8, 41, 5, 23, 6, 68, 4, 2]
[1, 1233, 7, 4, 2]
[1, 567, 17, 5, 333, 7, 381, 24, 2180, 7, 4, 2]
[1, 12, 67, 5, 9, 109, 11, 89, 4, 2]
[1, 9, 225, 3, 490, 4, 2]
[1, 5, 18, 1500, 9, 6, 189, 4, 2]
[1, 3, 4, 2]
[1, 14, 120, 23, 2278, 4, 2]
[1, 54, 13, 491, 6, 4, 2]
[1, 8, 6, 97, 11, 89, 37, 2]
[1, 12, 34, 9, 747, 7, 4, 2]
[1, 2348, 3, 7, 84, 4, 2]
[1, 157, 97, 13, 5, 6, 4, 2]
[1, 5, 20, 141, 150, 4, 2]
[1, 12, 2585, 9, 305, 182, 4, 2]
[1, 9, 6, 1731, 154, 915, 118, 4, 2]
[1, 1241, 8, 1134, 4, 2]
[1, 236, 760, 7, 3, 4, 2]
[1, 12, 208, 31, 11, 520, 4, 2]
[1, 8, 49, 85, 5, 451, 766, 36, 15, 37, 2]
[1, 12, 187, 9, 649, 4, 2]
[1, 9, 65, 334, 4, 2]
[1, 9, 13, 3, 163, 282, 6, 244, 4, 2]
[1, 1459, 31, 81, 27, 3, 352, 4, 2]
[1, 12, 28, 51, 22, 56, 2756, 4, 2]
[1, 8, 19, 20, 2766, 4, 2]
[1, 12, 39, 452, 4, 2]
[1, 8, 20, 714, 6, 387, 15, 10, 2]
[1, 138, 6, 294, 31, 486, 4, 2]
[1, 8, 169, 782, 4, 2]
[1, 12, 11, 3, 3941, 149, 4, 2]
[1, 5, 11, 5, 6, 268, 69, 1323, 7, 141, 268, 4, 2]
[1, 8, 208, 28, 60, 13, 15, 10, 2]
[1, 5, 95, 678, 26, 919, 4, 2]
[1, 1089, 2970, 4, 2]
[1, 43, 29, 16, 1113, 3, 168, 271, 1110, 7, 4, 2]
[1, 5, 33, 18, 177, 4, 2]
[1, 63, 35, 535, 1762, 177, 36, 15, 10, 2]
[1, 8, 6, 110, 624, 156, 10, 2]
[1, 12, 11, 1074, 4, 2]
[1, 43, 29, 5, 239, 535, 4, 2]
[1, 272, 22, 56, 103, 10, 2]
[1, 5, 107, 1086, 325, 21, 499, 4, 2]
[1, 8, 20, 110, 13, 74, 10, 2]
[1, 8, 434, 7, 2066, 4, 2]
[1, 16, 13, 56, 131, 7, 4, 2]
[1, 9, 160, 176, 1252, 9, 6, 134, 4, 2]
[1, 170, 206, 8, 7, 4, 2]
[1, 25, 1511, 136, 5, 34, 4, 2]
[1, 1320, 81, 545, 96, 4, 2]
[1, 140, 38, 13, 27, 1995, 6, 140, 38, 4, 2]
[1, 8, 49, 67, 5, 304, 55, 351, 6, 15, 10, 2]
[1, 5, 94, 1490, 12, 4, 2]
[1, 9, 154, 59, 5, 203, 4, 2]
[1, 77, 23, 108, 68, 4, 2]
[1, 12, 11, 3885, 46, 4, 2]
[1, 446, 13, 1888, 87, 36, 6, 4, 2]
[1, 1089, 108, 97, 31, 1962, 4, 2]
[1, 12, 47, 9, 6, 3, 69, 25, 23, 4, 2]
[1, 5, 18, 11, 279, 4, 2]
[1, 9, 101, 19, 649, 17, 158, 9, 101, 19, 649, 4, 2]
[1, 5, 21, 329, 7, 4, 2]
[1, 264, 13, 3, 6, 1593, 4, 2]
[1, 12, 983, 106, 27, 266, 6, 38, 4, 2]
[1, 40, 5, 122, 239, 8, 6, 2702, 4, 2]
[1, 9, 13, 53, 3, 4, 2]
[1, 5, 33, 21, 133, 4, 2]
[1, 14, 39, 34, 895, 4, 2]
[1, 24, 2503, 155, 96, 37, 2]
[1, 9, 90, 7, 485, 191, 396, 4, 2]
[1, 32, 25, 45, 6, 4, 2]
[1, 5, 174, 21, 71, 272, 4, 2]
[1, 14, 20, 848, 3856, 4, 2]
[1, 2039, 7, 15, 10, 2]
[1, 8, 100, 18, 1158, 10, 2]
[1, 100, 54, 40, 38, 2659, 16, 10, 2]
[1, 636, 571, 17, 158, 154, 19, 3, 4, 2]
[1, 16, 475, 54, 4, 2]
[1, 376, 383, 55, 3463, 1198, 4, 2]
[1, 12, 20, 3, 6, 440, 4, 2]
[1, 12, 47, 5, 34, 6, 19, 1474, 17, 25, 115, 4, 2]
[1, 14, 11, 506, 409, 6, 200, 4, 2]
[1, 5, 290, 29, 5, 21, 635, 4, 2]
[1, 184, 3020, 76, 15, 10, 2]
[1, 25, 557, 34, 4, 2]
[1, 8, 152, 20, 3, 15, 10, 2]
[1, 567, 1040, 55, 7, 4, 2]
[1, 8, 49, 45, 97, 4, 2]
[1, 8, 121, 498, 189, 15, 10, 2]
[1, 12, 18, 106, 16, 6, 518, 4, 2]
[1, 43, 1068, 354, 4, 2]
[1, 14, 34, 17, 9, 22, 31, 340, 4, 2]
[1, 5, 783, 363, 7, 54, 4, 2]
[1, 5, 153, 411, 8, 1447, 6, 97, 4, 2]
[1, 12, 67, 5, 9, 498, 229, 416, 236, 4, 2]
[1, 5, 616, 7, 17, 398, 5, 402, 3770, 4, 2]
[1, 14, 212, 4339, 6, 48, 4, 2]
[1, 1638, 17, 126, 61, 480, 481, 4, 2]
[1, 5, 22, 31, 1601, 4, 2]
[1, 16, 45, 275, 7, 604, 4, 2]
[1, 12, 11, 4719, 46, 2036, 7, 51, 4, 2]
[1, 16, 382, 23, 22, 17, 158, 181, 19, 1242, 4, 2]
[1, 32, 13, 188, 6, 15, 10, 2]
[1, 1553, 3, 128, 4, 2]
[1, 5, 309, 9, 280, 7, 4, 2]
[1, 8, 154, 260, 7, 4, 2]
[1, 14, 241, 53, 45, 959, 4, 2]
[1, 8, 35, 5, 6, 677, 553, 7, 15, 10, 2]
[1, 3278, 13, 3, 6, 4, 2]
[1, 5, 64, 92, 155, 4, 2]
[1, 5, 30, 130, 379, 4, 2]
[1, 12, 1525, 9, 6, 1541, 4, 2]
[1, 603, 383, 4617, 7, 17, 52, 21, 329, 69, 787, 47, 15, 10, 2]
[1, 8, 6, 540, 11, 340, 4, 2]
[1, 16, 41, 412, 15, 10, 2]
[1, 24, 111, 19, 356, 4, 2]
[1, 8, 243, 12, 6, 524, 7, 15, 10, 2]
[1, 24, 18, 317, 4, 2]
[1, 9, 6, 3, 11, 1327, 1046, 151, 4, 2]
[1, 3160, 225, 7, 197, 1272, 1530, 4, 2]
[1, 5, 19, 30, 720, 4, 2]
[1, 26, 76, 42, 880, 2371, 7, 82, 2371, 4, 2]
[1, 8, 41, 21, 108, 2588, 7, 15, 10, 2]
[1, 5, 50, 320, 5, 6, 96, 15, 37, 2]
[1, 8, 318, 7, 4, 2]
[1, 477, 99, 5, 33, 6, 93, 434, 4, 2]
[1, 8, 6, 395, 29, 8, 6, 395, 4, 2]
[1, 632, 298, 58, 191, 883, 4, 2]
[1, 74, 212, 5, 6, 1072, 6, 1072, 10, 2]
[1, 5, 6, 292, 154, 1428, 2365, 4, 2]
[1, 126, 31, 19, 1377, 4, 2]
[1, 5, 321, 105, 3619, 4, 2]
[1, 5, 33, 286, 4, 2]
[1, 462, 61, 302, 6, 4, 2]
[1, 850, 103, 4, 2]
[1, 5, 384, 548, 1977, 17, 5, 127, 114, 4, 2]
[1, 5, 66, 169, 653, 23, 4, 2]
[1, 724, 1501, 7, 4, 2]
[1, 88, 5, 11, 9, 6, 194, 211, 7, 194, 4, 2]
[1, 12, 828, 62, 57, 1452, 4, 2]
[1, 5, 21, 125, 7, 4, 2]
[1, 8, 88, 929, 399, 15, 37, 2]
[1, 1444, 1196, 5040, 1366, 4, 2]
[1, 8, 100, 260, 7, 180, 10, 2]
[1, 63, 100, 1584, 32, 10, 2]
[1, 5, 6, 117, 69, 4, 2]
[1, 8, 1423, 3, 45, 22, 10, 2]
[1, 14, 1176, 13, 14, 6, 4, 2]
[1, 8, 592, 539, 15, 10, 2]
[1, 2410, 434, 7, 4, 2]
[1, 116, 9, 13, 2405, 6, 17, 60, 9, 540, 44, 2166, 4, 2]
[1, 9, 13, 5, 6, 990, 4, 2]
[1, 521, 7, 4, 2]
[1, 223, 114, 7, 4, 2]
[1, 9, 1176, 13, 5, 6, 110, 4, 2]
[1, 9, 701, 9, 6, 540, 48, 4, 2]
[1, 24, 407, 40, 14, 19, 1170, 4, 2]
[1, 9, 217, 1711, 19, 36, 4, 2]
[1, 14, 13, 53, 19, 1520, 6, 311, 4, 2]
[1, 5, 3727, 4, 2]
[1, 8, 50, 783, 15, 10, 2]
[1, 12, 11, 1909, 131, 8, 62, 4, 2]
[1, 91, 6, 276, 143, 13, 276, 6, 4, 2]
[1, 12, 42, 51, 19, 621, 4, 2]
[1, 60, 13, 547, 1858, 4, 2]
[1, 12, 2176, 2177, 4, 2]
[1, 5, 1016, 45, 275, 7, 604, 4, 2]
[1, 236, 760, 7, 17, 203, 31, 255, 36, 7, 4, 2]
[1, 833, 4, 2]
[1, 9, 738, 7, 9, 6, 267, 4, 2]
[1, 9, 218, 7, 147, 204, 4, 2]
[1, 11, 223, 462, 34, 2709, 352, 10, 2]
[1, 613, 6, 1258, 203, 11, 3, 4, 2]
[1, 43, 881, 4, 2]
[1, 5, 33, 45, 197, 1715, 6, 97, 4, 2]
[1, 82, 13, 82, 6, 4, 2]
[1, 119, 421, 99, 5, 192, 4, 2]
[1, 8, 49, 419, 5, 8, 6, 3, 15, 10, 2]
[1, 5, 120, 185, 27, 194, 4, 2]
[1, 5, 73, 91, 39, 234, 4, 2]
[1, 12, 87, 401, 4, 2]
[1, 8, 6, 1184, 1276, 7, 22, 10, 2]
[1, 8, 376, 443, 143, 262, 155, 96, 10, 2]
[1, 32, 139, 6, 108, 422, 5, 31, 18, 207, 4, 2]
[1, 3, 2646, 188, 6, 3, 4, 2]
[1, 8, 29, 126, 6, 395, 11, 89, 10, 2]
[1, 8, 29, 5, 239, 7, 102, 92, 4, 2]
[1, 14, 21, 423, 7, 4, 2]
[1, 315, 6, 38, 19, 546, 4, 2]
[1, 116, 16, 33, 466, 16, 591, 1249, 466, 4, 2]
[1, 22, 56, 103, 10, 2]
[1, 5, 55, 5, 6, 799, 31, 18, 177, 7, 4, 2]
[1, 184, 11, 57, 15, 10, 2]
[1, 8, 73, 5, 15, 10, 2]
[1, 142, 27, 4326, 1654, 6, 3319, 4, 2]
[1, 14, 20, 3, 4, 2]
[1, 8, 49, 306, 15, 10, 2]
[1, 199, 38, 31, 11, 3, 1455, 4, 2]
[1, 9, 750, 9, 6, 305, 4612, 2066, 4, 2]
[1, 32, 34, 11, 16, 263, 661, 4, 2]
[1, 5, 175, 7, 14, 27, 3347, 4, 2]
[1, 9, 30, 292, 42, 292, 4, 2]
[1, 549, 388, 11, 3, 4, 2]
[1, 8, 49, 29, 5, 642, 3, 15, 10, 2]
[1, 12, 339, 685, 4, 2]
[1, 24, 13, 53, 3, 6, 3, 4, 2]
[1, 9, 1334, 128, 1238, 7, 26, 510, 4, 2]
[1, 140, 20, 214, 1101, 140, 4, 2]
[1, 5, 19, 616, 17, 410, 5, 153, 1657, 4, 2]
[1, 5, 994, 7, 9, 1310, 17, 158, 5, 203, 4, 2]
[1, 319, 3, 17, 65, 1412, 4, 2]
[1, 12, 47, 51, 400, 7, 4, 2]
[1, 8, 659, 4, 2]
[1, 14, 672, 7, 102, 3, 41, 23, 6, 68, 4, 2]
[1, 8, 11, 57, 208, 45, 78, 15, 10, 2]
[1, 5, 263, 39, 121, 4, 2]
[1, 138, 6, 202, 48, 31, 258, 4, 2]
[1, 9, 34, 7, 22, 37, 2]
[1, 5, 511, 235, 78, 8, 17, 8, 44, 655, 1229, 7, 4, 2]
[1, 40, 16, 11, 57, 104, 4, 2]
[1, 633, 6, 1196, 18, 1496, 4, 2]
[1, 5, 636, 1182, 35, 5, 6, 325, 1574, 7, 4, 2]
[1, 8, 860, 3, 151, 5, 22, 10, 2]
[1, 5, 253, 899, 279, 4, 2]
[1, 2966, 11, 89, 10, 2]
[1, 8, 65, 195, 19, 1478, 4, 2]
[1, 16, 281, 44, 3, 7, 276, 4, 2]
[1, 5, 3539, 7, 144, 5, 2787, 6, 3, 2221, 4, 2]
[1, 5, 72, 141, 3, 4, 2]
[1, 170, 467, 7, 5, 6, 469, 4, 2]
[1, 9, 254, 196, 650, 19, 36, 17, 9, 6, 1255, 20, 48, 4, 2]
[1, 24, 98, 20, 3, 6, 55, 4, 2]
[1, 5, 72, 8, 62, 57, 4, 2]
[1, 5, 795, 298, 4, 2]
[1, 12, 702, 31, 25, 1191, 4, 2]
[1, 16, 2529, 520, 4, 2]
[1, 54, 19, 623, 4, 2]
[1, 12, 42, 98, 196, 106, 211, 11, 371, 4, 2]
[1, 221, 8, 11, 609, 4, 222, 221, 5, 58, 181, 36, 222, 2]
[1, 8, 73, 304, 37, 2]
[1, 16, 94, 816, 3, 172, 4, 2]
[1, 5, 334, 4, 2]
[1, 12, 11, 3, 343, 208, 17, 2622, 233, 7, 4, 2]
[1, 5, 18, 28, 12, 28, 5, 18, 30, 9, 4, 2]
[1, 9, 210, 2229, 377, 156, 4, 2]
[1, 66, 624, 10, 2]
[1, 9, 124, 31, 18, 28, 9, 84, 4, 2]
[1, 5, 843, 18, 30, 6, 4, 2]
[1, 14, 87, 3, 14, 107, 2085, 4, 2]
[1, 8, 22, 56, 103, 531, 84, 6, 10, 2]
[1, 24, 13, 47, 1339, 6, 150, 4, 2]
[1, 5, 1789, 314, 8, 4, 2]
[1, 12, 88, 220, 148, 59, 269, 4, 2]
[1, 14, 2703, 7, 3, 1537, 311, 4, 2]
[1, 8, 135, 227, 10, 2]
[1, 2947, 177, 86, 2]
[1, 14, 127, 59, 54, 188, 623, 4, 2]
[1, 43, 212, 3, 4, 2]
[1, 9, 30, 45, 1715, 6, 68, 4, 2]
[1, 8, 6, 250, 363, 7, 3, 563, 4, 2]
[1, 8, 11, 574, 6, 3230, 15, 10, 2]
[1, 5, 113, 8, 62, 372, 12, 4, 2]
[1, 25, 99, 4993, 149, 20, 1804, 6, 97, 4, 2]
[1, 5, 163, 30, 430, 4, 2]
[1, 420, 161, 1162, 3, 17, 5, 637, 39, 652, 637, 39, 23, 138, 6, 4, 2]
[1, 12, 47, 3, 4, 2]
[1, 1848, 8, 6, 469, 324, 17, 8, 6, 1289, 4, 2]
[1, 5, 631, 64, 493, 55, 4, 2]
[1, 43, 29, 5, 362, 4501, 4, 2]
[1, 16, 95, 3432, 1261, 4, 2]
[1, 26, 311, 196, 7, 177, 4, 2]
[1, 1459, 31, 153, 3634, 2650, 4, 2]
[1, 43, 122, 29, 3, 124, 4, 2]
[1, 57, 18, 277, 5, 6, 387, 4, 2]
[1, 74, 143, 11, 625, 10, 2]
[1, 54, 19, 695, 4, 2]
[1, 8, 65, 50, 1391, 4, 2]
[1, 77, 354, 535, 4, 2]
[1, 462, 6, 3, 13, 2381, 1431, 72, 352, 6, 352, 17, 5204, 4, 2]
[1, 9, 668, 165, 7, 4, 2]
[1, 5, 66, 41, 23, 22, 10, 2]
[1, 12, 13, 53, 960, 6, 202, 4, 2]
[1, 5, 35, 54, 29, 7, 5, 6, 267, 4, 2]
[1, 16, 1919, 59, 14, 1200, 4942, 4, 2]
[1, 5, 779, 33, 21, 682, 4, 2]
[1, 40, 16, 103, 3, 104, 4, 2]
[1, 9, 544, 58, 38, 1422, 4, 2]
[1, 55, 7, 28, 156, 4, 2]
[1, 43, 79, 118, 5, 6, 200, 4, 2]
[1, 8, 444, 727, 15, 10, 2]
[1, 14, 704, 3909, 7, 1418, 4, 2]
[1, 25, 38, 11, 27, 17, 25, 38, 11, 27, 4, 2]
[1, 9, 228, 532, 21, 284, 7, 4, 2]
[1, 12, 109, 11, 5, 4, 2]
[1, 60, 13, 5, 106, 6, 4, 2]
[1, 40, 5, 129, 8, 185, 8, 6, 48, 4, 2]
[1, 115, 786, 385, 86, 2]
[1, 5, 1100, 8, 733, 4, 2]
[1, 74, 13, 74, 10, 2]
[1, 26, 3153, 87, 192, 4, 2]
[1, 5, 33, 59, 8, 188, 597, 4, 2]
[1, 11, 3, 3, 13, 18, 2160, 26, 194, 6, 3, 4, 2]
[1, 5, 504, 8, 105, 33, 4, 2]
[1, 14, 39, 3, 573, 14, 6, 224, 4, 2]
[1, 5, 88, 21, 7, 7, 4, 2]
[1, 5, 6, 1289, 105, 23, 5, 6, 188, 4, 2]
[1, 5, 326, 5, 6, 107, 2085, 4, 2]
[1, 43, 11, 371, 4, 2]
[1, 5, 87, 30, 8, 4, 2]
[1, 9, 109, 11, 16, 2593, 4, 2]
[1, 5, 11, 3952, 4, 2]
[1, 32, 154, 3149, 4, 2]
[1, 5, 6, 107, 19, 36, 4, 2]
[1, 88, 5, 1381, 553, 9, 7, 4, 2]
[1, 9, 34, 123, 22, 68, 4, 2]
[1, 3, 13, 26, 2199, 6, 10, 2]
[1, 43, 1023, 3, 3, 4, 2]
[1, 85, 26, 1465, 6, 3, 17, 3, 13, 2249, 4, 2]
[1, 12, 35, 9, 6, 3, 7, 300, 4, 2]
[1, 5, 1844, 7, 342, 134, 4, 2]
[1, 3143, 468, 4, 2]
[1, 5, 6, 928, 1606, 190, 615, 7, 4, 2]
[1, 14, 3, 7, 535, 37, 2]
[1, 9, 195, 47, 161, 2697, 4, 2]
[1, 12, 47, 51, 400, 7, 400, 17, 14, 101, 400, 151, 2853, 7, 4, 2]
[1, 2652, 548, 5, 21, 7, 329, 4, 2]
[1, 8, 532, 29, 5, 7, 4, 2]
[1, 32, 90, 7, 848, 3, 4, 2]
[1, 60, 187, 258, 17, 52, 391, 10, 2]
[1, 60, 13, 19, 3, 6, 4, 2]
[1, 5, 18, 30, 45, 1147, 4, 2]
[1, 5, 135, 24, 111, 19, 1050, 4, 2]
[1, 41, 1014, 6, 92, 1189, 2311, 15, 10, 2]
[1, 77, 59, 8, 171, 21, 1033, 4, 2]
[1, 59, 16, 62, 4, 2]
[1, 43, 617, 5, 21, 4, 2]
[1, 14, 153, 337, 26, 76, 4, 2]
[1, 1314, 187, 3, 6, 4, 2]
[1, 8, 61, 577, 71, 1544, 4, 2]
[1, 1081, 148, 794, 341, 289, 4, 2]
[1, 5, 374, 3949, 4, 2]
[1, 24, 187, 59, 2542, 6, 699, 4, 2]
[1, 5, 93, 64, 23, 275, 381, 4, 2]
[1, 25, 22, 101, 64, 123, 4, 2]
[1, 8, 20, 417, 118, 3, 6, 396, 15, 10, 2]
[1, 5, 11, 5, 6, 3, 3941, 156, 4, 2]
[1, 16, 19, 892, 54, 4, 2]
[1, 25, 8, 17, 5, 153, 267, 4, 2]
[1, 315, 6, 13, 17, 315, 6, 4, 2]
[1, 8, 348, 79, 544, 969, 4, 2]
[1, 12, 40, 51, 3, 102, 4, 2]
[1, 5, 432, 7, 2115, 4, 2]
[1, 60, 204, 134, 6, 342, 440, 2236, 7, 4, 2]
[1, 5, 18, 318, 8, 6, 228, 4, 2]
[1, 5, 13, 3805, 725, 4, 2]
[1, 5, 11, 24, 643, 209, 6, 643, 209, 4, 2]
[1, 11, 214, 359, 6, 38, 34, 84, 4, 2]
[1, 5, 1083, 197, 334, 4, 2]
[1, 329, 69, 20, 102, 38, 4, 2]
[1, 5, 65, 39, 593, 6, 4, 2]
[1, 12, 418, 29, 83, 1777, 7, 147, 5011, 4, 2]
[1, 5, 25, 606, 4, 2]
[1, 142, 525, 4, 2]
[1, 567, 168, 5, 25, 1367, 4, 2]
[1, 186, 3130, 8, 6, 3, 4, 2]
[1, 8, 49, 229, 22, 3, 15, 10, 2]
[1, 5, 18, 28, 9, 22, 56, 62, 4, 2]
[1, 5, 33, 59, 8, 368, 1172, 4, 2]
[1, 1125, 231, 19, 355, 17, 158, 94, 3, 44, 49, 672, 4, 2]
[1, 12, 25, 67, 5, 9, 6, 666, 4, 2]
[1, 5, 18, 30, 4, 2]
[1, 186, 122, 1145, 151, 7, 4, 2]
[1, 14, 653, 13, 5, 6, 163, 4445, 6, 939, 4, 2]
[1, 3, 668, 62, 7, 4, 2]
[1, 60, 13, 3, 4, 2]
[1, 16, 61, 45, 197, 433, 15, 10, 2]
[1, 8, 160, 31, 178, 15, 10, 2]
[1, 9, 1405, 238, 21, 315, 4, 2]
[1, 5, 28, 8, 135, 5, 791, 7, 4, 2]
[1, 16, 18, 1500, 722, 4, 2]
[1, 16, 11, 23, 169, 6, 4, 2]
[1, 12, 11, 9, 6, 200, 69, 167, 7, 916, 4, 2]
[1, 5, 136, 70, 235, 8, 17, 158, 5, 71, 553, 8, 4, 2]
[1, 65, 19, 593, 17, 52, 15, 10, 2]
[1, 43, 129, 5, 23, 26, 76, 4, 2]
[1, 5, 152, 8, 960, 4, 2]
[1, 5, 18, 28, 9, 263, 50, 62, 4, 2]
[1, 5, 795, 3, 3, 7, 4, 2]
[1, 5, 33, 109, 11, 201, 13, 155, 10, 2]
[1, 16, 61, 218, 347, 62, 4, 2]
[1, 12, 93, 64, 130, 275, 4, 2]
[1, 14, 174, 8, 17, 8, 31, 20, 115, 10, 2]
[1, 9, 6, 338, 13, 121, 15, 10, 2]
[1, 9, 11, 9, 6, 350, 46, 3, 4, 2]
[1, 554, 2257, 13, 9, 6, 2672, 434, 4, 2]
[1, 24, 13, 8, 264, 15, 10, 2]
[1, 77, 320, 8, 6, 117, 4, 2]
[1, 142, 3, 6, 146, 4, 2]
[1, 2018, 170, 59, 9, 159, 17, 9, 149, 159, 4, 2]
[1, 22, 94, 21, 4, 2]
[1, 5, 309, 3, 514, 7, 4, 2]
[1, 5, 21, 3, 4, 2]
[1, 9, 6, 290, 193, 115, 7, 9, 6, 3, 4, 2]
[1, 9, 20, 102, 1235, 4987, 4, 2]
[1, 88, 5, 291, 29, 9, 7, 4, 2]
[1, 14, 80, 16, 243, 16, 6, 457, 1995, 4, 2]
[1, 9, 578, 62, 7, 4, 2]
[1, 66, 131, 144, 4, 2]
[1, 8, 20, 146, 15, 10, 2]
[1, 5, 11, 351, 366, 4, 2]
[1, 8, 18, 235, 78, 4, 2]
[1, 12, 129, 51, 1171, 7, 119, 968, 4, 2]
[1, 8, 631, 18, 193, 313, 4, 2]
[1, 477, 75, 229, 7, 4, 2]
[1, 40, 5, 73, 8, 368, 1028, 4, 2]
[1, 14, 6, 1257, 13, 229, 3, 4, 2]
[1, 9, 13, 11, 4752, 6, 4752, 4, 2]
[1, 5, 75, 20, 1014, 6, 92, 25, 280, 9, 4, 2]
[1, 223, 6, 3, 13, 223, 858, 4, 2]
[1, 9, 80, 528, 2667, 4, 2]
[1, 9, 587, 14, 6, 290, 1076, 29, 9, 246, 4, 2]
[1, 24, 19, 256, 6, 345, 19, 256, 101, 19, 256, 4, 2]
[1, 186, 40, 12, 114, 4, 2]
[1, 8, 212, 8, 6, 3499, 7, 15, 10, 2]
[1, 9, 21, 7, 512, 4, 2]
[1, 16, 61, 3, 44, 137, 23, 7, 4, 2]
[1, 12, 11, 554, 139, 1131, 7, 4, 2]
[1, 353, 13, 522, 4922, 367, 1670, 6, 4, 2]
[1, 5, 6, 117, 69, 1323, 7, 117, 4, 2]
[1, 5, 33, 122, 225, 438, 268, 4, 2]
[1, 5, 1347, 4, 2]
[1, 12, 446, 337, 8, 4, 2]
[1, 5, 28, 12, 11, 23, 22, 4, 2]
[1, 5, 25, 1367, 4, 2]
[1, 8, 35, 8, 6, 465, 626, 7, 4, 2]
[1, 12, 382, 2998, 4, 2]
[1, 8, 154, 2429, 4, 2]
[1, 384, 3, 17, 158, 18, 188, 943, 4, 2]
[1, 5191, 226, 66, 17, 14, 66, 61, 11, 1303, 990, 46, 7, 4, 2]
[1, 8, 28, 9, 6, 200, 15, 10, 2]
[1, 5, 400, 7, 4, 2]
[1, 16, 88, 231, 486, 4, 2]
[1, 51, 91, 518, 566, 4, 2]
[1, 369, 756, 6, 3, 7, 4, 2]
[1, 1626, 12, 631, 18, 309, 5, 33, 28, 4, 2]
[1, 9, 65, 235, 78, 32, 15, 10, 2]
[1, 5, 11, 635, 235, 7, 4, 2]
[1, 2245, 4, 2]
[1, 1190, 117, 69, 25, 38, 4, 2]
[1, 8, 6, 134, 13, 22, 10, 2]
[1, 3, 13, 3, 4, 2]
[1, 690, 69, 20, 141, 690, 4, 2]
[1, 5, 25, 1030, 9, 6, 3127, 4, 2]
[1, 874, 1033, 13, 27, 3, 4, 2]
[1, 25, 689, 40, 38, 480, 3, 4, 2]
[1, 5, 72, 102, 150, 4, 2]
[1, 8, 47, 219, 6, 3, 13, 27, 38, 6, 4, 2]
[1, 221, 8, 22, 56, 165, 10, 222, 221, 24, 31, 41, 71, 231, 4, 222, 2]
[1, 16, 22, 56, 50, 45, 6, 37, 2]
[1, 16, 796, 72, 4, 2]
[1, 9, 1563, 7, 119, 1049, 4, 2]
[1, 5, 6, 20, 53, 249, 4, 2]
[1, 3, 206, 6, 1792, 13, 3, 4, 2]
[1, 12, 18, 30, 220, 342, 555, 4, 2]
[1, 14, 75, 4008, 7, 4, 2]
[1, 8, 6, 38, 52, 19, 36, 4, 2]
[1, 74, 11, 301, 74, 10, 2]
[1, 9, 175, 5, 426, 1505, 10, 2]
[1, 16, 18, 28, 41, 23, 383, 4, 2]
[1, 20, 27, 4702, 4958, 1576, 4, 2]
[1, 890, 46, 6, 798, 4, 2]
[1, 377, 780, 5, 455, 7, 4765, 4, 2]
[1, 76, 13, 27, 2765, 3746, 3, 345, 6, 819, 4, 2]
[1, 471, 38, 44, 166, 9, 6, 4, 2]
[1, 9, 25, 108, 110, 50, 171, 2309, 4, 2]
[1, 5, 672, 7, 102, 29, 9, 4, 2]
[1, 40, 5, 73, 54, 4, 2]
[1, 567, 17, 1040, 8, 7, 4, 2]
[1, 14, 118, 3, 758, 6, 268, 4, 2]
[1, 16, 437, 657, 437, 62, 57, 4, 2]
[1, 66, 3423, 153, 130, 217, 4, 2]
[1, 8, 50, 156, 7, 4, 2]
[1, 8, 11, 23, 22, 19, 3, 4, 2]
[1, 5, 11, 315, 46, 363, 7, 172, 4, 2]
[1, 1725, 2811, 128, 1037, 763, 4, 2]
[1, 8, 72, 32, 6, 518, 4, 2]
[1, 116, 8, 429, 403, 7, 17, 8, 95, 20, 880, 4, 2]
[1, 3204, 1430, 3205, 4, 2]
[1, 24, 13, 528, 6, 4, 2]
[1, 8, 33, 28, 22, 10, 2]
[1, 24, 3, 4, 2]
[1, 9, 90, 7, 27, 350, 4, 2]
[1, 8, 218, 22, 200, 10, 2]
[1, 16, 11, 1967, 409, 45, 7, 377, 590, 4, 2]
[1, 2565, 193, 2401, 7, 4, 2]
[1, 12, 18, 285, 29, 51, 23, 22, 4, 2]
[1, 9, 153, 306, 70, 87, 278, 4, 2]
[1, 5, 33, 5, 84, 4, 2]
[1, 14, 3, 7, 214, 1272, 1530, 4, 2]
[1, 8, 105, 212, 24, 3, 7, 10, 2]
[1, 24, 18, 121, 4, 2]
[1, 8, 225, 1214, 6, 529, 15, 10, 2]
[1, 8, 2858, 92, 30, 23, 22, 10, 2]
[1, 157, 38, 31, 441, 5086, 4, 2]
[1, 9, 13, 5, 6, 110, 4, 2]
[1, 173, 8, 313, 6, 56, 168, 8, 61, 2385, 1073, 150, 4, 2]
[1, 9, 6, 687, 11, 371, 366, 4, 2]
[1, 613, 72, 3, 4, 2]
[1, 3, 13, 3, 6, 4, 2]
[1, 471, 38, 19, 494, 212, 12, 6, 1948, 4, 2]
[1, 14, 11, 371, 6, 56, 17, 14, 631, 39, 156, 4, 2]
[1, 74, 67, 7, 8, 26, 338, 10, 2]
[1, 5, 28, 9, 614, 26, 224, 4, 2]
[1, 706, 1954, 38, 3400, 181, 192, 4, 2]
[1, 8, 45, 22, 10, 2]
[1, 8, 154, 348, 260, 4, 2]
[1, 9, 13, 27, 2919, 6, 202, 4, 2]
[1, 5, 18, 152, 8, 11, 1360, 4, 2]
[1, 2923, 70, 19, 355, 4, 2]
[1, 126, 41, 21, 89, 10, 2]
[1, 14, 441, 5, 694, 4, 2]
[1, 8, 20, 214, 150, 4, 2]
[1, 25, 22, 99, 5, 595, 6, 7, 4, 2]
[1, 633, 596, 527, 4, 2]
[1, 16, 95, 40, 32, 23, 847, 4, 2]
[1, 9, 581, 6, 3, 4, 2]
[1, 116, 52, 579, 17, 108, 579, 31, 389, 7, 4, 2]
[1, 8, 105, 541, 6, 74, 58, 10, 2]
[1, 122, 18, 782, 44, 260, 7, 1636, 4, 2]
[1, 186, 40, 8, 302, 23, 4, 2]
[1, 12, 33, 40, 51, 103, 4, 2]
[1, 5, 106, 149, 115, 4, 2]
[1, 91, 5, 857, 566, 31, 834, 11, 371, 4, 2]
[1, 32, 171, 48, 4, 2]
[1, 43, 1302, 27, 38, 4, 2]
[1, 60, 13, 3, 6, 265, 4, 2]
[1, 9, 3, 1894, 55, 2318, 4, 2]
[1, 9, 35, 9, 6, 765, 2006, 7, 4, 2]
[1, 5, 28, 9, 19, 3171, 4, 2]
[1, 43, 881, 4, 2]
[1, 5, 6, 107, 18, 943, 101, 18, 1027, 4, 2]
[1, 5, 193, 1603, 7, 4, 2]
[1, 369, 1408, 13, 522, 3, 3, 6, 4, 2]
[1, 479, 11, 4842, 4, 2]
[1, 67, 5, 54, 6, 261, 4, 2]
[1, 8, 118, 306, 6, 4, 2]
[1, 5, 28, 13, 74, 167, 6, 84, 219, 4, 2]
[1, 9, 195, 19, 313, 4, 2]
[1, 9, 1542, 33, 21, 89, 37, 2]
[1, 9, 11, 142, 27, 1946, 4, 2]
[1, 1687, 4200, 1646, 4, 2]
[1, 5, 207, 199, 38, 31, 28, 4, 2]
[1, 5, 6, 117, 13, 53, 434, 6, 4, 2]
[1, 3, 86, 2]
[1, 14, 289, 260, 4, 2]
[1, 5, 296, 19, 3, 17, 5, 135, 5, 6, 1289, 813, 4, 2]
[1, 8, 710, 153, 1377, 4, 2]
[1, 1572, 3337, 4354, 4, 2]
[1, 890, 46, 20, 27, 3, 4, 2]
[1, 16, 18, 109, 11, 201, 4, 2]
[1, 5, 33, 28, 13, 22, 4, 2]
[1, 5, 18, 53, 3, 4, 2]
[1, 43, 1444, 5, 165, 4, 2]
[1, 630, 8, 50, 59, 5, 159, 4, 2]
[1, 43, 85, 83, 716, 26, 140, 104, 4, 2]
[1, 8, 20, 520, 1614, 15, 10, 2]
[1, 232, 3108, 7, 3, 232, 5, 6, 200, 4, 232, 2]
[1, 24, 52, 1912, 6, 1912, 1349, 4, 2]
[1, 9, 444, 583, 45, 589, 4, 2]
[1, 8, 25, 38, 11, 57, 4, 2]
[1, 8, 135, 1527, 3, 180, 10, 2]
[1, 12, 18, 28, 105, 301, 4, 2]
[1, 5, 18, 30, 108, 97, 4, 2]
[1, 713, 584, 8, 7, 4, 2]
[1, 5, 29, 8, 320, 7, 22, 19, 36, 6, 97, 4, 2]
[1, 186, 256, 4, 2]
[1, 60, 13, 1468, 6, 4, 2]
[1, 16, 50, 310, 639, 4, 2]
[1, 5, 18, 72, 2745, 62, 85, 5, 4820, 4, 2]
[1, 5, 299, 833, 41, 16, 21, 1607, 131, 172, 4, 2]
[1, 5, 18, 28, 12, 49, 129, 16, 4, 2]
[1, 32, 75, 228, 632, 298, 246, 4, 2]
[1, 8, 13, 105, 62, 6, 10, 2]
[1, 16, 28, 8, 39, 20, 124, 4, 2]
[1, 8, 33, 862, 22, 15, 10, 2]
[1, 20, 155, 38, 11, 133, 10, 2]
[1, 9, 1098, 7, 1374, 4, 2]
[1, 22, 56, 47, 8, 270, 13, 1383, 6, 10, 2]
[1, 8, 100, 11, 133, 10, 2]
[1, 60, 13, 9, 877, 6, 56, 17, 52, 391, 10, 2]
[1, 5, 113, 63, 278, 44, 39, 36, 177, 4, 2]
[1, 14, 195, 166, 14, 237, 4, 2]
[1, 5, 113, 8, 20, 53, 122, 239, 7, 4, 2]
[1, 5, 31, 1138, 1002, 4, 2]
[1, 231, 595, 4, 2]
[1, 492, 415, 4, 2]
[1, 5, 143, 247, 26, 276, 4, 2]
[1, 9, 1176, 80, 125, 4, 2]
[1, 117, 69, 170, 15, 10, 2]
[1, 8, 53, 1826, 86, 2]
[1, 60, 204, 1361, 218, 22, 200, 10, 2]
[1, 9, 29, 5, 107, 474, 7, 3, 4, 2]
[1, 8, 30, 22, 1612, 37, 2]
[1, 9, 25, 335, 4, 2]
[1, 5, 19, 447, 280, 8, 4, 2]
[1, 1499, 3, 4, 2]
[1, 5, 50, 354, 690, 15, 10, 2]
[1, 14, 3, 7, 14, 6, 117, 4, 2]
[1, 5, 11, 223, 1451, 743, 58, 425, 4, 2]
[1, 612, 17, 234, 415, 19, 258, 4, 2]
[1, 9, 208, 58, 823, 7, 4, 2]
[1, 14, 1146, 11, 331, 4, 2]
[1, 2469, 18, 1467, 4, 2]
[1, 2886, 197, 86, 2]
[1, 40, 16, 265, 74, 1265, 7, 16, 4, 2]
[1, 9, 6, 244, 85, 627, 3, 27, 282, 6, 244, 4, 2]
[1, 84, 13, 564, 2386, 5192, 6, 92, 4, 2]
[1, 5, 517, 4, 2]
[1, 29, 5, 438, 303, 4, 2]
[1, 5, 207, 12, 81, 164, 4, 2]
[1, 5, 18, 307, 4, 2]
[1, 5, 18, 28, 9, 22, 56, 669, 4, 2]
[1, 43, 29, 5, 342, 134, 31, 759, 7, 4, 2]
[1, 5, 106, 229, 3, 6, 529, 4, 2]
[1, 14, 6, 1170, 153, 3, 4, 2]
[1, 705, 3, 324, 103, 4, 2]
[1, 5, 52, 1567, 4, 2]
[1, 12, 18, 30, 3, 4, 2]
[1, 77, 29, 8, 108, 8, 106, 6, 97, 4, 2]
[1, 5, 11, 1728, 69, 1141, 7, 4, 2]
[1, 100, 8, 103, 3, 5, 10, 2]
[1, 14, 107, 13, 140, 38, 4, 2]
[1, 32, 48, 18, 2211, 4, 2]
[1, 9, 31, 18, 59, 5, 34, 4, 2]
[1, 3, 13, 163, 4445, 6, 3, 4, 2]
[1, 43, 2175, 4, 2]
[1, 8, 94, 389, 7, 4, 2]
[1, 5, 73, 54, 19, 494, 4, 2]
[1, 13, 25, 118, 6, 4, 2]
[1, 14, 39, 291, 29, 8, 4, 2]
[1, 631, 39, 13, 138, 6, 3, 4, 2]
[1, 315, 20, 102, 329, 4, 2]
[1, 45, 7, 86, 2]
[1, 8, 1423, 3, 624, 10, 2]
[1, 8, 210, 2599, 7, 15, 10, 2]
[1, 8, 655, 122, 749, 32, 4, 2]
[1, 12, 6, 1140, 13, 1456, 4, 2]
[1, 32, 1454, 151, 355, 44, 48, 7, 4, 2]
[1, 156, 104, 4, 2]
[1, 12, 120, 308, 417, 496, 4, 2]
[1, 16, 21, 91, 6, 214, 694, 4, 2]
[1, 9, 6, 134, 3, 17, 3, 13, 3, 6, 4, 2]
[1, 3, 128, 920, 7, 96, 17, 188, 15, 10, 2]
[1, 172, 578, 55, 7, 4, 2]
[1, 112, 13, 27, 3, 4, 2]
[1, 5, 755, 6, 13, 1315, 3, 4, 2]
[1, 9, 376, 383, 145, 7, 383, 4, 2]
[1, 5, 65, 344, 1054, 161, 4, 2]
[1, 8, 48, 193, 3, 7, 4, 483, 1861, 104, 4, 2]
[1, 810, 409, 1198, 4, 2]
[1, 5, 65, 127, 45, 108, 97, 4, 2]
[1, 603, 325, 13, 5, 6, 4, 2]
[1, 5, 152, 11, 3302, 1227, 413, 4, 2]
[1, 5, 113, 2192, 123, 4, 2]
[1, 16, 65, 3263, 18, 28, 4, 2]
[1, 26, 99, 119, 188, 4, 2]
[1, 462, 47, 140, 20, 776, 6, 462, 109, 11, 140, 4, 2]
[1, 14, 75, 114, 7, 4, 2]
[1, 24, 19, 36, 4, 2]
[1, 20, 214, 3, 259, 6, 68, 4, 2]
[1, 5, 25, 146, 4, 2]
[1, 5, 19, 401, 243, 54, 4, 2]
[1, 5, 11, 185, 8, 6, 465, 7, 15, 10, 2]
[1, 5, 4491, 7, 2187, 4, 2]
[1, 601, 322, 13, 3, 4, 2]
[1, 76, 13, 9, 137, 67, 6, 1458, 76, 4, 2]
[1, 8, 193, 115, 7, 4, 2]
[1, 214, 38, 11, 131, 151, 4, 2]
[1, 26, 69, 20, 155, 1421, 10, 2]
[1, 88, 18, 19, 517, 4, 2]
[1, 5, 19, 332, 4, 2]
[1, 142, 892, 1154, 6, 4, 2]
[1, 65, 13, 22, 10, 2]
[1, 5, 30, 292, 4, 2]
[1, 5, 33, 3, 3, 4, 2]
[1, 142, 1369, 534, 4, 2]
[1, 1125, 20, 880, 42, 4821, 17, 8, 6, 1255, 187, 1001, 4, 2]
[1, 603, 383, 21, 1057, 262, 7, 4, 2]
[1, 810, 409, 1198, 4, 2]
[1, 5, 19, 2372, 17, 158, 5, 18, 318, 7, 4, 2]
[1, 9, 6, 757, 13, 191, 6, 4, 2]
[1, 12, 11, 314, 9, 6, 48, 4, 2]
[1, 5, 127, 1485, 6, 3, 4, 2]
[1, 5, 334, 4, 2]
[1, 14, 2135, 377, 31, 23, 7, 138, 6, 68, 4, 2]
[1, 5, 35, 96, 429, 403, 7, 4, 2]
[1, 24, 13, 85, 140, 6, 966, 408, 52, 140, 4, 2]
[1, 8, 921, 61, 2111, 149, 570, 6, 4, 2]
[1, 40, 5, 33, 2042, 4, 2]
[1, 24, 13, 1807, 6, 163, 1012, 4, 2]
[1, 12, 19, 2396, 4, 2]
[1, 5, 1016, 21, 7, 5, 6, 1245, 2]
[1, 5, 365, 536, 78, 12, 7, 4, 2]
[1, 12, 41, 2158, 22, 4, 2]
[1, 5, 106, 26, 560, 4, 2]
[1, 8, 58, 2413, 7, 15, 10, 2]
[1, 9, 75, 28, 7, 54, 4, 2]
[1, 9, 326, 4811, 2291, 4, 2]
[1, 5, 18, 28, 65, 426, 13, 3, 4, 2]
[1, 14, 20, 1090, 3, 6, 440, 4, 2]
[1, 24, 241, 8, 6, 1224, 4, 2]
[1, 25, 38, 260, 4, 2]
[1, 1345, 17, 8, 10, 2]
[1, 100, 5, 61, 3, 5, 6, 10, 2]
[1, 14, 11, 14, 6, 396, 69, 364, 7, 102, 96, 4, 2]
[1, 142, 27, 718, 6, 4014, 4, 2]
[1, 14, 3, 7, 27, 209, 205, 17, 657, 406, 4, 2]
[1, 40, 16, 935, 942, 6, 501, 104, 4, 2]
[1, 5, 307, 16, 39, 212, 7, 27, 1861, 4, 2]
[1, 60, 13, 9, 453, 6, 3, 4, 2]
[1, 9, 3, 3, 4, 2]
[1, 9, 3, 3, 45, 4036, 4, 2]
[1, 14, 3, 43, 5, 177, 4, 2]
[1, 12, 13, 53, 249, 4, 2]
[1, 210, 123, 7, 16, 6, 146, 4, 2]
[1, 5, 135, 24, 111, 461, 4, 2]
[1, 5, 3, 36, 194, 4, 2]
[1, 63, 6, 161, 13, 22, 10, 2]
[1, 14, 131, 7, 643, 209, 4, 2]
[1, 79, 11, 3, 3091, 167, 4, 2]
[1, 33, 5, 141, 1713, 6, 97, 4, 2]
[1, 32, 463, 474, 87, 1138, 141, 4, 2]
[1, 126, 20, 22, 945, 6, 15, 10, 2]
[1, 77, 1318, 3, 55, 8, 44, 291, 29, 5, 7, 4, 2]
[1, 87, 445, 8, 171, 21, 16, 235, 16, 4, 2]
[1, 3, 122, 55, 7, 4, 2]
[1, 5, 50, 59, 5, 34, 1159, 15, 10, 2]
[1, 8, 611, 5, 6, 514, 15, 10, 2]
[1, 24, 13, 9, 109, 6, 161, 4, 2]
[1, 8, 169, 131, 26, 347, 657, 344, 4, 2]
[1, 63, 143, 11, 57, 211, 288, 10, 2]
[1, 9, 25, 247, 284, 4, 2]
[1, 9, 20, 362, 515, 4, 2]
[1, 26, 284, 569, 25, 247, 284, 4, 2]
[1, 1638, 17, 8, 86, 8, 11, 71, 22, 10, 2]
[1, 1241, 13, 229, 416, 671, 4, 2]
[1, 5, 107, 25, 45, 102, 6, 837, 4, 2]
[1, 5, 18, 193, 307, 4, 2]
[1, 5, 28, 8, 13, 1481, 4, 2]
[1, 32, 998, 3, 7, 5, 6, 757, 4, 2]
[1, 5, 28, 8, 13, 574, 6, 4, 2]
[1, 8, 91, 21, 125, 15, 10, 2]
[1, 5, 11, 24, 209, 6, 209, 4, 2]
[1, 5, 11, 1939, 651, 4, 2]
[1, 3401, 4550, 3456, 115, 4, 2]
[1, 5, 107, 442, 34, 182, 17, 181, 115, 31, 39, 34, 182, 4, 2]
[1, 9, 195, 19, 3, 4, 2]
[1, 5, 446, 337, 8, 6, 76, 4, 2]
[1, 126, 41, 5, 23, 132, 17, 12, 35, 12, 101, 41, 23, 22, 10, 2]
[1, 125, 3, 4, 2]
[1, 1126, 8, 21, 89, 5, 31, 39, 59, 148, 8, 4, 2]
[1, 35, 303, 4584, 7, 3, 4, 2]
[1, 16, 74, 101, 64, 206, 4, 2]
[1, 5, 11, 1728, 69, 1141, 7, 4, 2]
[1, 14, 59, 12, 188, 312, 4, 2]
[1, 5, 160, 31, 178, 4230, 4, 2]
[1, 5, 174, 7, 4, 2]
[1, 16, 18, 215, 73, 4, 2]
[1, 170, 3, 7, 16, 4, 2]
[1, 8, 33, 28, 327, 675, 3, 10, 2]
[1, 5, 75, 2504, 9, 7, 4, 2]
[1, 9, 544, 60, 204, 134, 4, 2]
[1, 138, 6, 3, 31, 13, 138, 6, 96, 4, 2]
[1, 2553, 1795, 332, 4, 2]
[1, 1564, 17, 14, 31, 13, 2789, 38, 1924, 6, 219, 4, 2]
[1, 5, 6, 226, 11, 23, 460, 4, 2]
[1, 3, 2876, 19, 36, 4, 2]
[1, 5, 243, 9, 216, 7, 4, 2]
[1, 248, 19, 355, 4, 2]
[1, 5, 374, 616, 4, 2]
[1, 8, 28, 5, 109, 11, 89, 15, 10, 2]
[1, 5, 88, 25, 130, 217, 4, 2]
[1, 116, 8, 13, 53, 98, 17, 5, 81, 29, 8, 4, 2]
[1, 12, 90, 7, 53, 3, 6, 1049, 4, 2]
[1, 91, 39, 35, 53, 194, 4, 2]
[1, 5, 11, 8, 6, 586, 3, 4, 2]
[1, 782, 17, 2361, 8, 39, 605, 383, 4, 2]
[1, 5, 75, 248, 7, 4, 2]
[1, 8, 90, 325, 7, 15, 10, 2]
[1, 9, 925, 1116, 7, 9, 6, 107, 4, 2]
[1, 24, 161, 120, 225, 4, 2]
[1, 16, 11, 502, 578, 55, 7, 4, 2]
[1, 43, 8, 35, 3598, 767, 5, 36, 15, 37, 2]
[1, 8, 73, 12, 815, 15, 10, 2]
[1, 5, 6, 1523, 93, 165, 4, 2]
[1, 5, 83, 23, 6, 4, 2]
[1, 14, 42, 5, 25, 2636, 1746, 4, 2]
[1, 5, 849, 8, 503, 397, 4, 2]
[1, 3, 13, 2381, 1431, 72, 3, 6, 5204, 4, 2]
[1, 14, 6, 2480, 19, 256, 4, 2]
[1, 5, 3065, 8, 6, 2169, 4, 2]
[1, 8, 42, 290, 109, 171, 15, 10, 2]
[1, 12, 11, 89, 10, 2]
[1, 5, 254, 128, 363, 7, 5, 106, 6, 4, 2]
[1, 25, 38, 30, 800, 4, 2]
[1, 1645, 3, 8, 6, 228, 4, 2]
[1, 5, 58, 32, 6, 1411, 7, 4, 2]
[1, 16, 431, 45, 431, 4, 2]
[1, 146, 11, 131, 151, 4, 2]
[1, 5, 265, 7, 3, 6, 735, 4, 2]
[1, 40, 16, 62, 2681, 144, 26, 76, 4, 2]
[1, 25, 303, 4, 2]
[1, 5, 107, 99, 5, 23, 7, 3, 6, 226, 4, 2]
[1, 9, 29, 83, 538, 3, 7, 2087, 96, 4, 2]
[1, 231, 593, 1073, 1061, 4, 2]
[1, 131, 144, 86, 2]
[1, 8, 100, 33, 229, 1159, 180, 10, 2]
[1, 74, 1123, 2727, 2358, 10, 2]
[1, 5, 18, 73, 14, 6, 226, 122, 59, 14, 188, 3, 4, 2]
